time,sclerostin_bone,sclerostin_sensor,rankl_bone,opg_bone,osteocytes,osteoblasts,osteoclasts,biosensor_signal,detection_event
0.0,0.1258178988097541,0.025000000000000005,1.3435538063536128,8.940372564462278,1.0,1.0,1.0,1.7433561217188847,1
10.0,0.005626296002637661,1.2278749006781107,0.10278780293343989,0.6859125120551403,1.005228891962866,1.0482362749373484,0.9048460225449931,1.7031169387184313,1
20.0,0.0049682256117298184,1.2355972194186473,0.0469212130589674,0.31414186272509464,1.0109046186798993,1.0945551881124604,0.818738661622257,1.5526112113058113,1
30.0,0.00496911960229871,1.236737729471131,0.044421824684267176,0.29741601425761316,1.0170027202411382,1.1386174411027672,0.7408254383636032,1.5763735229222686,1
40.0,0.004973686799937175,1.2378488558185936,0.04432635312424469,0.2966824385004748,1.0234991137316076,1.1805306770967097,0.6703266365816143,1.6114909713893009,1
50.0,0.0049783123610498674,1.2389671942576752,0.04433934977061694,0.29666924392414784,1.030370903541887,1.2203996908315486,0.6065366828009211,1.830972554867353,1
60.0,0.004982977569337632,1.2400933584622027,0.04435740701224471,0.29668848034207423,1.0375963279715161,1.2583241793759488,0.5488171457587053,1.6263799865812059,1
70.0,0.0049876832340849265,1.2412277420184865,0.04437592438648254,0.2967095982867615,1.0451547038684885,1.2943989775579654,0.4965903492293883,1.7080212934556216,1
80.0,0.004992430465892944,1.2423707118724199,0.04439475840191551,0.29673170052349357,1.0530263739371721,1.3287142950510653,0.4493335894858605,1.636871092345721,1
90.0,0.0049972200752465955,1.2435226155152705,0.04441375013839031,0.29675378450824585,1.0611926566260241,1.3613559419223598,0.40657390505273794,1.5178837538297492,1
100.0,0.005002052973114042,1.2446837781141746,0.044432881047863165,0.2967757789643255,1.0696357975695103,1.3924055471912888,0.3678832630904505,1.8336723890371018,1
110.0,0.005006930068338619,1.2458545046068474,0.04445219709016034,0.2967980392467226,1.0783389238949936,1.4219407644933477,0.33287425485739686,1.7259957180734815,1
120.0,0.00501185218260978,1.2470350814426758,0.04447174311755066,0.29682091091488694,1.0872860061301535,1.450035443535573,0.30119667476904144,1.526819076941673,1
130.0,0.0050168199676928395,1.248225778443815,0.044491445961634735,0.29684395203173974,1.0964618140106939,1.476759829008597,0.272533703098683,1.6418071360284476,1
140.0,0.005021834099295009,1.249426847859302,0.04451127384902311,0.29686699387763027,1.1058518740379617,1.5021807516254981,0.24659843433275322,1.516342007563831,1
150.0,0.00502689523413454,1.250638525593193,0.04453124268040613,0.29689018283023344,1.115442435310668,1.5263617819193511,0.22313127073450295,1.8231219646127117,1
160.0,0.0050320039601268,1.251861032532721,0.0445513568904959,0.29691358700683584,1.125220434019308,1.549363390061735,0.20189731985592488,1.7108637180779775,1
170.0,0.005037160814604992,1.2530945751452698,0.04457160274152636,0.29693715173764296,1.135173460115439,1.5712430958937995,0.1826840677336405,1.7389723262111416,1
180.0,0.005042366301742996,1.2543393460559464,0.04459197155518747,0.29696085422100815,1.1452897251488692,1.5920556137019106,0.16529922859553756,1.6881428861617576,1
190.0,0.005047620886372436,1.255595524822792,0.04461246018848922,0.2969847067791701,1.1555580317433027,1.6118529896198386,0.14956880802496447,1.8434878929720027,1
200.0,0.0050529249941607506,1.2568632786172673,0.044633063074931506,0.2970087039913713,1.1659677443997252,1.630684733056231,0.13533534767323177,1.8066146759202655,1
210.0,0.005058279016602041,1.2581427628045152,0.044653773777189903,0.29703283310065426,1.1765087625258013,1.6485979381036222,0.12245638426642337,1.5634619182242997,1
220.0,0.005063683312291406,1.2594341215373333,0.044674586950715814,0.2970570871527179,1.1871714944656346,1.6656374004459038,0.1108030315859446,1.6134626444358022,1
230.0,0.005069138208046235,1.2607374883394373,0.04469549788917844,0.29708146204512864,1.1979468320495605,1.6818457319266293,0.10025865757363474,1.5698293969930817,1
240.0,0.005074644000686883,1.2620529866355747,0.04471650180188666,0.2971059517872905,1.2088261271335783,1.6972634661625297,0.09071772915057562,1.6321644850409216,1
250.0,0.0050802009587349525,1.2633807302602595,0.04473759404303376,0.29713055009022826,1.2198011690856818,1.7119291598960613,0.08208475609206076,1.8180248473569482,1
260.0,0.005085809323757141,1.2647208239467562,0.044758770317006646,0.29715525179444835,1.23086416326631,1.7258794898743814,0.07427333103648887,1.7384211724578902,1
270.0,0.005091469311746576,1.266073363791717,0.04478002654311483,0.2971800520289168,1.2420077105319174,1.7391493451241595,0.06720526058108106,1.9066080913326393,1
280.0,0.0050971811144211124,1.2674384376764627,0.04480135880595207,0.2972049459342701,1.2532247886279393,1.7517719107219867,0.06080981437443891,1.8674126854348359,1
290.0,0.005102944900521545,1.268816125702283,0.044822763378320404,0.2972299288705491,1.2645087329780653,1.7637787542843009,0.055022983648036976,1.711420395442706,1
300.0,0.005108760816977094,1.2702065005822574,0.04484423672771594,0.29725499651007437,1.2758532193895948,1.775199903832714,0.04978685101021101,1.7825426440509131,1
310.0,0.00511462899003974,1.2716096280189098,0.044865775492912804,0.29728014472960446,1.287252247376041,1.7860639228819546,0.04504901074980078,1.5954234169099544,1
320.0,0.005120549526361815,1.2730255670633739,0.04488737647232683,0.29730536957851916,1.298700124293381,1.796397981866192,0.04076204430167893,1.759933556855098,1
330.0,0.005126522514040455,1.2744543704646962,0.04490903662148863,0.2973306673063687,1.310191449909668,1.8062279276159403,0.036883035478728995,1.5996210956058006,1
340.0,0.005132548023532873,1.2758960849754575,0.04493075304564823,0.29735603435249863,1.321721102900472,1.8155783441653626,0.0333731673930361,1.6092150086640573,1
350.0,0.005138626108628204,1.2773507516762117,0.04495252299085142,0.29738146732790594,1.3332842265095983,1.8244726173195904,0.030197311879299197,1.7102422130849833,1
360.0,0.005144756807315561,1.2788184062654258,0.04497434383705698,0.2974069630063012,1.3448762157309433,1.8329329923745423,0.02732368343505915,1.4822637847645739,1
370.0,0.005150940142619491,1.2802990793385778,0.04499621309216013,0.2974325183198321,1.3564927049664148,1.840980629694629,0.02472352141240473,1.8837128199313509,1
380.0,0.005157176123395221,1.281792796653794,0.04501812838569125,0.2974581303509464,1.3681295562757942,1.8486356576265506,0.02237080214882636,1.7199447113995792,1
390.0,0.005163464745095724,1.28329957938811,0.04504008746261856,0.29748379632376465,1.3797828480378418,1.8559172235628612,0.020241974921027788,1.6008648602539575,1
400.0,0.0051698059904696225,1.2848194443706629,0.04506208817793486,0.29750951359774414,1.3914488646289094,1.8628435404249404,0.018315733554907145,1.766890708887857,1
410.0,0.005176199830250533,1.2863524043130425,0.04508412849128915,0.2975352796612906,1.4031240862242345,1.8694319325949595,0.016572800706196097,1.7304658999646365,1
420.0,0.005182646223815272,1.2878984680292573,0.04510620646180407,0.29756109212529436,1.4148051790557377,1.8756988797936032,0.014995732249497898,1.729695126986729,1
430.0,0.00518914511979742,1.2894576406408116,0.045128320243241045,0.2975869487170937,1.4264889863256072,1.8816600580058793,0.013568744124178987,1.7029415483179329,1
440.0,0.005195696456674706,1.2910299237730585,0.04515046807939218,0.29761284727484655,1.4381725195035389,1.8873303786805056,0.012277554349519664,1.7773524075777218,1
450.0,0.005202300163331635,1.2926153157432956,0.045172648299660424,0.29763878574211206,1.4498529499864339,1.8927240262983203,0.011109239059515708,1.7082678408703922,1
460.0,0.005208956159588491,1.2942138117376525,0.045194859314893955,0.29766476216270416,1.461527601251972,1.8978544937177049,0.01005210380072087,1.6034928554419892,1
470.0,0.0052156643566925245,1.2958254039753494,0.045217099613518615,0.29769077467592747,1.4731939415692301,1.9027346150122058,0.00909556958554519,1.8149757691958475,1
480.0,0.005222424657814188,1.2974500818746726,0.04523936775762979,0.2977168215117715,1.4848495766301384,1.90737659866629,0.00823006294506642,1.875617027883468,1
490.0,0.005229236958497777,1.2990878322037218,0.04526166237944009,0.297742900986539,1.496492242853397,1.9117920577433678,0.007446921467406129,1.9903454526660278,1
500.0,0.005236101147094909,1.3007386392254472,0.04528398217785935,0.29776901149863466,1.5081198009392038,1.9159920389253227,0.006738307094394822,1.8025911912226296,1
510.0,0.005243017105177211,1.3024024848357436,0.045306325915236687,0.2977951515245539,1.51973022972912,1.9199870501787968,0.006097127554680712,2.0558387542308485,1
520.0,0.00524998470793505,1.304079348696909,0.04532869241421016,0.29782131961500574,1.5313216202689284,1.9237870875084557,0.005516964180101201,1.6658102243660302,1
530.0,0.005257003824528918,1.3057692083552719,0.045351080554928334,0.29784751439149293,1.5428921705727572,1.927401658551768,0.00499201138907724,1.7904081194220325,1
540.0,0.005264074318461595,1.3074720393658017,0.04537348927210514,0.29787373454268595,1.554440180073564,1.9308398075885411,0.00451701518878597,1.7342159171130807,1
550.0,0.005271196047926914,1.3091878154089103,0.045395917552256984,0.2978999788210224,1.5659640444174605,1.934110139002861,0.00408721897549037,1.7153214811230661,1
560.0,0.005278368866102661,1.310916508388569,0.045418364431380434,0.2979262460398481,1.577462251088147,1.9372208370050201,0.003698320011103735,1.6941127959703792,1
570.0,0.005285592621451489,1.3126580885331225,0.045440828992564124,0.2979525350704776,1.5889333749080545,1.940179685910633,0.0033464267776187277,1.6952351093889506,1
580.0,0.0052928671579845306,1.3144125244836429,0.045463310363894234,0.2979788448396158,1.6003760740927717,1.9429940879271788,0.003028023438967254,1.7344227478216858,1
590.0,0.005300192315563701,1.316179783395243,0.04548580771605226,0.2980051743264007,1.611789085725827,1.9456710835539466,0.002739929473006339,1.8258992297043055,1
600.0,0.005307567930251456,1.3179598310543363,0.04550832025953158,0.2980315225589775,1.6231712205160755,1.9482173752185947,0.002479256023419807,1.8261826315867977,1
610.0,0.005314993834465842,1.3197526319306803,0.04553084724339768,0.2980578886129723,1.6345213604633322,1.950639337805493,0.0022433906509019995,1.9143126760108462,1
620.0,0.005322469857223659,1.3215581492589539,0.04555338795334771,0.2980842716091032,1.6458384552042846,1.9529430351337131,0.002029970028882955,1.9346481822325614,1
630.0,0.005329995824360863,1.3233763451127156,0.04557594170994962,0.29811067071101344,1.6571215186968948,1.9551342349099523,0.0018368564966537333,1.8887954349252942,1
640.0,0.005337571558726026,1.32520718046937,0.04559850786709212,0.29813708512336246,1.6683696263021968,1.957218421892131,0.0016621195889482752,1.73136222964176,1
650.0,0.005345196880411756,1.3270506152878543,0.0456210858101328,0.29816351408954705,1.6795819112977899,1.9592008136149277,0.0015040119664072584,1.6928731243493371,1
660.0,0.005352871606914999,1.3289066085625645,0.045643674954604224,0.2981899568901082,1.6907575624433273,1.9610863713775555,0.001360957924968017,1.7315391069535562,1
670.0,0.005360595553406984,1.3307751184138366,0.04566627474406754,0.298216412840089,1.7018958199373821,1.9628798184712246,0.0012315202294824756,1.6640082046047608,1
680.0,0.005368368532852395,1.3326561021281595,0.04568888464913814,0.29824288128783544,1.7129959735860134,1.9645856484528545,0.0011143965476471257,1.9369049480110356,1
690.0,0.005376190356132674,1.3345495161997607,0.04571150416647986,0.2982693616137584,1.7240573609118421,1.9662081336860038,0.0010084146402684318,1.8381477830066912,1
700.0,0.005384060832229284,1.336455316392176,0.04573413281733303,0.2982958532285212,1.7350793643833955,1.9677513378412907,0.000912514561630665,1.8123472135916412,1
710.0,0.005391979768368169,1.3383734577868944,0.045756770146343766,0.298322355571599,1.7460614092131068,1.9692191258376093,0.000825739307297101,1.7516106352873706,1
720.0,0.005399946970168862,1.3403038948335413,0.045779415720357645,0.29834886810979355,1.7570029610880253,1.9706151740859599,0.0007472227436972523,1.6892999191495857,1
730.0,0.005407962241783573,1.3422465813967273,0.04580206912729123,0.2983753903358444,1.767903524047254,1.9719429800729282,0.0006761798425110453,1.5456601967157544,1
740.0,0.005416025386026504,1.344201470799631,0.04582472997507977,0.2984019217671335,1.7787626385033368,1.973205871296163,0.0006118988210562834,1.7918026120460622,1
750.0,0.005424136204489385,1.3461685158629835,0.04584739789073243,0.29842846194452194,1.7895798794662736,1.9744070132877554,0.0005537346483285891,1.7902838753563346,1
760.0,0.005432294497641117,1.3481476689387557,0.045870072519511286,0.2984550104313394,1.8003548550011508,1.9755494165859466,0.0005011052462768118,2.0584095102564834,1
770.0,0.005440500064951694,1.3501388819519382,0.045892753523921366,0.29848156681214094,1.8110872043292632,1.9766359453115854,0.00045348315373501666,1.748660716987507,1
780.0,0.005448752704980442,1.3521421064304198,0.04591544058297871,0.2985081306918064,1.821776596453649,1.9776693233839504,0.00041039258968195093,1.8141558658423695,1
790.0,0.005457052215481431,1.3541572935405934,0.04593813339134487,0.29853470169447444,1.8324227285327104,1.978652141870396,0.000371402726833735,1.7376023988939202,1
800.0,0.005465398393482877,1.3561843941142817,0.04596083165866418,0.29856127946272715,1.8430253246363368,1.9795868646141566,0.00033612498219945435,1.6936496671367296,1
810.0,0.005473791035400595,1.3582233586870265,0.045983535108635266,0.29858786365644685,1.8535841340007493,1.9804758361188544,0.0003042064014405734,1.731774614822941,1
820.0,0.0054822299371439275,1.3602741375338703,0.04600624347814124,0.29861445395174563,1.864098929393903,1.9813212889353187,0.0002753242793895031,1.742155595012531,1
830.0,0.00549071489410832,1.3623366806672983,0.046028956517265164,0.29864105004098396,1.8745695071509498,1.9821253435296269,0.0002491910332256098,1.6554591581436724,1
840.0,0.0054992457013414734,1.3644109378931182,0.046051673987950056,0.2986676516311216,1.8849956846527283,1.9828900196628043,0.00022554278276858407,1.764038094139362,1
850.0,0.005507822153533529,1.3664968588076056,0.04607439566403311,0.29869425844375963,1.8953773003965408,1.983617236099776,0.00020414422504636372,1.826619949048622,1
860.0,0.005516444045134621,1.368594392837162,0.04609712133028537,0.2987208702139583,1.9057142121908537,1.9843088187645452,0.00018478147043519787,1.871436613698876,1
870.0,0.005525111170402292,1.3707034892545606,0.046119850781999136,0.2987474866897295,1.9160062963830886,1.9849665042443199,0.00016726151261192744,1.8181540618014156,1
880.0,0.005533823323466461,1.3728240972010464,0.046142583824438574,0.29877410763135964,1.9262534468296406,1.9855919444539052,0.00015140938722240824,1.7819630941928617,1
890.0,0.005542580298386664,1.3749561657058633,0.04616532027235041,0.298800732810808,1.9364555739788525,1.9861867107918145,0.00013706682535244262,1.8219633402114208,1
900.0,0.005551381889173876,1.3770996436939498,0.04618805994975207,0.2988273620114458,1.9466126044775487,1.9867522959386348,0.00012409268777246384,1.8054478436834298,1
910.0,0.005560227889944419,1.3792544800377406,0.04621080268868608,0.29885399502652255,1.9567244788277887,1.9872901244350027,0.00011235433088817233,1.8345584396945354,1
920.0,0.005569118094910371,1.3814206235543773,0.04623354832925394,0.2988806316592083,1.966791151456714,1.9878015523938422,0.00010173053903985831,2.0457113056173197,1
930.0,0.005578052298332735,1.3835980229904725,0.04625629671994152,0.2989072717229942,1.9768125913361592,1.9882878647370832,9.211707905745284e-05,1.6875969932932693,1
940.0,0.005587030294697176,1.385786627081205,0.04627904771620284,0.29893391503994887,1.986788779317708,1.9887502872220013,8.341610670364772e-05,1.8071163869198883,1
950.0,0.005596051878653931,1.3879863845306541,0.04630180118088962,0.29896056144124694,1.9967197089486837,1.9891899827934423,7.554218455994886e-05,1.7509529262955732,1
960.0,0.005605116845114691,1.3901972440445614,0.04632455698345217,0.2989872107661859,2.0066053849709706,1.9896080583699323,6.8417430614011e-05,1.917341550834712,1
970.0,0.005614224989280011,1.3924191543398845,0.04634731499968427,0.2990138628618716,2.0164458228457516,1.9900055670100976,6.197114371269811e-05,1.7452709608449037,1
980.0,0.0056233761066715165,1.3946520641559563,0.04637007511143061,0.29904051758285854,2.026241048207642,1.9903835103969243,5.61392760870933e-05,1.8230522706679029,1
990.0,0.005632569993182256,1.3968959222717041,0.0463928372061518,0.29906717479061407,2.0359910960502505,1.9907428425316323,5.0862738908414295e-05,1.8195555375397283,1
1000.0,0.005641806445072749,1.3991506775047275,0.04641560117691543,0.29909383435350767,2.045696010714999,1.991084469809954,4.608901561425333e-05,1.7587382579588837,1
1010.0,0.00565108525904093,1.4014162787350615,0.04643836692180755,0.29912049614608643,2.05535584478731,1.9914092560190841,4.176914017563154e-05,1.9648377138759288,1
1020.0,0.005660406232200267,1.4036926748982572,0.04646113434406461,0.2991471600492372,2.064970659350989,1.991718021217888,3.786026587815182e-05,2.0177916580888136,1
1030.0,0.005669769162144406,1.4059798150073837,0.04648390335152643,0.29917382594951347,2.0745405229625833,1.9920115463817925,3.432299008860027e-05,1.7880792554816676,1
1040.0,0.005679173846945669,1.408277648152906,0.04650667385660892,0.29920049373910185,2.0840655116055666,1.9922905736345446,3.112219177867286e-05,1.8727289737463884,1
1050.0,0.005688620085190481,1.410586123514917,0.046529445775986895,0.29922716331543137,2.093545708097885,1.9925558089418263,2.822587090459029e-05,1.8428490496328889,1
1060.0,0.005698107675999618,1.4129051903702943,0.04655221903039558,0.2992538345809293,2.10298120172346,1.992807923796565,2.5605003926217058e-05,1.9510076388680706,1
1070.0,0.005707636419060142,1.4152347981037783,0.04657499354433885,0.2992805074426619,2.112372087687942,1.9930475576967932,2.3233751176082436e-05,1.7720905466932606,1
1080.0,0.005717206114612959,1.4175748962041583,0.04659776924615236,0.29930718181241245,2.121718467242757,1.9932753176093119,2.1088420605801245e-05,1.7299637374736965,1
1090.0,0.005726816563493794,1.4199254342783791,0.04662054606764015,0.2993338576062335,2.131020447005924,1.9934917810557073,1.9147433285702586e-05,1.9691944496436775,1
1100.0,0.005736467567192535,1.4222863620718076,0.04664332394356492,0.29936053474381963,2.1402781380073392,1.99369750044073,1.739139775260125e-05,1.8959919203008584,1
1110.0,0.005746158927776636,1.424657629442918,0.046666102812220646,0.29938721314921235,2.149491656772528,1.9938929981897604,1.5802855838495893e-05,1.8654599414355106,1
1120.0,0.005755890447934262,1.4270391863781269,0.04668888261505219,0.2994138927503318,2.158661124611419,1.994078769979123,1.4366045600713895e-05,2.043967966389668,1
1130.0,0.005765661931092378,1.4294309830317375,0.046711663295679426,0.2994405734777754,2.1677866657854943,1.9942552930226962,1.306597657575474e-05,1.799617889564765,1
1140.0,0.005775473181285047,1.4318329696821697,0.046734444800906945,0.299467255266061,2.176868409414905,1.994423017498156,1.1889647391341083e-05,1.9365799464359394,1
1150.0,0.005785324003182242,1.4342450967419818,0.04675722708045786,0.2994939380532989,2.185906488982439,1.9945823688069861,1.0825856646643211e-05,1.9083673077399117,1
1160.0,0.005795214202236385,1.436667314807355,0.046780010085771914,0.29952062177971245,2.1949010400747535,1.9947337577811122,9.863097650918568e-06,1.8637412554435122,1
1170.0,0.005805143584551223,1.4390995746145085,0.04680279377101116,0.2995473063888763,2.203852202282033,1.9948775721423586,8.991650783161363e-06,1.9220354594928557,1
1180.0,0.0058151119568990274,1.441541827045822,0.04682557809288677,0.29957399182750266,2.2127601188769144,1.9950141779733177,8.203490029890598e-06,2.018391908076836,1
1190.0,0.005825119126838756,1.443994023169834,0.04684836300968039,0.2996006780442372,2.2216249349766106,1.9951439280280192,7.490125705405281e-06,1.6762749912018964,1
1200.0,0.005835164902626856,1.4464561142116819,0.046871148481919186,0.29962736499048953,2.230446798819339,1.9952671559993163,6.844374296965682e-06,1.918203484912882,1
1210.0,0.005845249093225544,1.4489280515562233,0.04689393447227468,0.2996540526203092,2.23922586157877,1.9953841773780967,6.260247398115157e-06,1.9312696233319289,1
1220.0,0.005855371508384749,1.4514097867759335,0.046916720944868345,0.2996807408895304,2.2479622760621725,1.9954952953497473,5.7316311259034975e-06,1.934499135304456,1
1230.0,0.005865531958586285,1.4539012716124948,0.04693950786568453,0.2997074297562805,2.25665619749255,1.9956007972879817,5.253231015858184e-06,1.9437082857035874,1
1240.0,0.005875730255038005,1.4564024579751804,0.04696229520258256,0.29973411918099463,2.2653077835363846,1.99570095465176,4.820536730001317e-06,1.8043168179113396,1
1250.0,0.005885966209752216,1.4589132979675872,0.04698508292462781,0.2997608091255929,2.2739171930500137,1.9957960286660537,4.42904662759382e-06,1.7925587145594772,1
1260.0,0.0058962396354934,1.4614337438704008,0.04700787100247827,0.2997874995539557,2.2824845868120223,1.9958862670386706,4.074786028685998e-06,1.7826063290879828,1
1270.0,0.005906550345759069,1.463963748135307,0.04703065940850366,0.2998141904320705,2.2910101277522297,1.9959719029491618,3.7544818125640383e-06,1.8788560547308408,1
1280.0,0.005916898154870795,1.4665032634159738,0.0470534481160143,0.2998408817270827,2.2994939795059484,1.996053161596858,3.4647010826263673e-06,2.0597363365176093,1
1290.0,0.005927282877914748,1.4690522425483927,0.047076237099706146,0.29986757340784315,2.3079363072562007,1.9961302564217887,3.2024243212505334e-06,2.0035971029495765,1
1300.0,0.0059377043307194365,1.4716106385437344,0.047099026335806184,0.2998942654450877,2.3163372780121056,1.9962033878698204,2.965331138806064e-06,1.9045629302704592,1
1310.0,0.005948162329944256,1.474178404618514,0.047121815801319036,0.2999209578105091,2.324697059196753,1.996272749790512,2.7508180669823444e-06,1.883070594312192,1
1320.0,0.005958656693023732,1.4767554941761678,0.04714460547444388,0.29994765047727073,2.3330158194362824,1.9963385258966564,2.5566332218351384e-06,1.9908279386599859,1
1330.0,0.005969187238149532,1.4793418608013134,0.047167395334687966,0.2999743434201462,2.341293728777918,1.99640088880024,2.381070210061852e-06,1.9220038690828132,1
1340.0,0.005979753784340275,1.4819374582836642,0.047190185362259565,0.30000103661477184,2.349530957553874,1.996460005167523,2.222229564332319e-06,1.730710504246827,1
1350.0,0.005990356151399419,1.4845422406041604,0.047212975538378096,0.3000277300380289,2.357727676969111,1.9965160330851266,2.0784739267824583e-06,1.8678760591985824,1
1360.0,0.006000994159899569,1.487156161929983,0.04723576584537123,0.3000544236681627,2.365884059288131,1.9965691212355898,1.9484895950447044e-06,1.9316357761586929,1
1370.0,0.006011667631236183,1.4897791766330897,0.047258556266193755,0.3000811174841906,2.374000276936364,1.9966194129832981,1.8309161052416424e-06,1.8220724902614769,1
1380.0,0.006022376387596302,1.4924112392799664,0.04728134678465289,0.3001078114661792,2.382076502927972,1.9966670444606998,1.724554606695181e-06,1.932325665286422,1
1390.0,0.006033120251941026,1.4950523046260122,0.047304137385521416,0.3001345055953837,2.3901129110825767,1.9967121436080673,1.628409736029543e-06,2.0819341964602374,1
1400.0,0.006043899048053189,1.4977023276320682,0.047326928054103296,0.3001611998537132,2.3981096752150157,1.9967548338616747,1.5414791783586859e-06,1.8414439100890598,1
1410.0,0.006054712600509461,1.500361263455286,0.04734971877643326,0.3001878942239763,2.4060669695143764,1.9967952324592964,1.462859547484088e-06,1.9115659316393363,1
1420.0,0.006065560734664461,1.5030290674440676,0.047372509539376405,0.3002145886900038,2.4139849687354764,1.9968334495940439,1.3918235212380832e-06,2.070748836926082,1
1430.0,0.006076443276688326,1.5057056951511751,0.04739530033027736,0.30024128323621674,2.4218638475453638,1.9968695913939156,1.327619370938168e-06,1.939806928446864,1
1440.0,0.006087360053547547,1.5083911023275565,0.047418091137087344,0.3002679778477829,2.4297037807662627,1.9969037588427738,1.2695589090829125e-06,2.063378953465761,1
1450.0,0.0060983108929888495,1.5110852449171943,0.047440881948467115,0.30029467251074354,2.4375049435731624,1.9969360469056499,1.2171087672543705e-06,1.8982125203092504,1
1460.0,0.006109295623566237,1.5137880790666571,0.047463672753522625,0.3003213672116877,2.445267511002783,1.9969665467741284,1.1697179172922616e-06,1.8688760861893041,1
1470.0,0.006120314074630311,1.516499561121803,0.0474864635418615,0.30034806193782215,2.452991658064107,1.996995345386192,1.126873867905446e-06,1.8177879126170793,1
1480.0,0.006131366076313263,1.5192196476229827,0.04750925430368878,0.30037475667708896,2.4606775599220536,1.9970225246133027,1.088171911104008e-06,2.11920132696559,1
1490.0,0.006142451459546035,1.5219482953112518,0.04753204502962385,0.3004014514179404,2.4683253915591905,1.9970481628153796,1.053217557474407e-06,1.9663427040171202,1
1500.0,0.006153570056054186,1.5246854611272977,0.04755483571070188,0.3004281461493404,2.475935327783094,1.9970723348277055,1.0216387419788517e-06,2.0046068551528924,1
1510.0,0.006164721698344079,1.52743110220703,0.04757762633846159,0.30045484086087265,2.483507543394601,1.9970951112165953,9.931263708585238e-07,2.0221801611501498,1
1520.0,0.0061759062197131835,1.5301851758854659,0.04760041690481935,0.3004815355425861,2.491042212957108,1.9971165593475528,9.673935734144805e-07,2.023040213102049,1
1530.0,0.006187123454249799,1.5329476396969783,0.04762320740203725,0.300508230184955,2.498539510741146,1.9971367436570708,9.441689612259166e-07,1.945447060913812,1
1540.0,0.006198373236812168,1.535718451368409,0.04764599782287773,0.30053492477906946,2.505999611017303,1.997155724339359,9.232381374348027e-07,1.9663202418507264,1
1550.0,0.0062096554030464796,1.538497568825648,0.04766878816040514,0.3005616193163912,2.5134226876903814,1.997173559031079,9.043970476663286e-07,1.913222367552037,1
1560.0,0.006220969789390835,1.5412849501953536,0.047691578407914915,0.3005883137886667,2.5208089141715004,1.9971903034130982,8.874366592089945e-07,2.0894508758435464,1
1570.0,0.006232316233062245,1.544080553800788,0.047714368559017444,0.30061500818802983,2.5281584635388583,1.9972060104982703,8.721640763740966e-07,2.090250706377773,1
1580.0,0.006243694572059958,1.5468843381633146,0.04773715860757301,0.30064170250692235,2.5354715084207116,1.997220731183685,8.583885924232374e-07,1.9665875218723787,1
1590.0,0.006255104645119661,1.5496962619868306,0.04775994854807773,0.3006683967385683,2.542748221719222,1.9972345109734255,8.46029498726821e-07,1.9895939382660814,1
1600.0,0.00626654629174785,1.5525162841700537,0.04778273837531312,0.30069509087654345,2.549988775961338,1.9972473929543926,8.350228061671602e-07,2.0985998359136864,1
1610.0,0.006278019352283255,1.5553443638282023,0.04780552808374721,0.30072178491403734,2.5571933421864697,1.9972594228817429,8.25160125001519e-07,1.6471197460770752,1
1620.0,0.00628952366781125,1.558180460263608,0.047828317668285894,0.3007484788447789,2.5643620913516405,1.9972706427987081,8.162962591315914e-07,1.695625030705202,1
1630.0,0.006301059080189957,1.5610245329751273,0.047851107123998475,0.3007751726626979,2.571495193824055,1.9972810933671068,8.082766796246347e-07,1.9004420576798575,1
1640.0,0.006312625432001162,1.5638765416413816,0.04787389644653902,0.300801866362444,2.578592820170363,1.9972908102892102,8.010550030497352e-07,1.8285538652866382,1
1650.0,0.006324222566529247,1.5667364461137594,0.04789668563230741,0.30082855993958485,2.585655141460911,1.9972998229402519,7.947393834109338e-07,2.0342351296148693,1
1660.0,0.006335850327954555,1.5696042064841498,0.047919474676617044,0.3008552533883508,2.5926823258603386,1.997308169927766,7.890945978506206e-07,2.1049380774727027,1
1670.0,0.0063475085611606925,1.572479783018133,0.04794226357545118,0.3008819467037968,2.5996745419039873,1.9973158841770589,7.840240628459999e-07,2.01044275178758,1
1680.0,0.006359197111788596,1.5753631361741676,0.04796505232492553,0.3009086398811408,2.606631957500936,1.9973229974946702,7.794255079811648e-07,2.128143470468844,1
1690.0,0.006370915826213843,1.5782542265959623,0.04798784092147093,0.3009353329159886,2.613554740277709,1.9973295390174057,7.7523749333065e-07,2.0502227434028795,1
1700.0,0.006382664551470183,1.5811530150859379,0.04801062936253297,0.30096202580519527,2.62044305888311,1.9973355292711388,7.716122151929933e-07,2.0146484638803432,1
1710.0,0.006394443135477068,1.584059462685588,0.04803341764434941,0.3009887185441289,2.6272970788605794,1.9973409990440618,7.683745051905116e-07,2.091697125335925,1
1720.0,0.006406251426842593,1.5869735306065358,0.048056205763809,0.301015411128959,2.634116966107924,1.9973459736023753,7.654777807142056e-07,1.8972424774447032,1
1730.0,0.006418089274914703,1.5898951802488897,0.048078993717923846,0.3010421035560071,2.640902885900584,1.9973504771708124,7.628770617694539e-07,2.0827189789799005,1
1740.0,0.006429956529776904,1.5928243732000658,0.048101781503837426,0.30106879582175616,2.6476550029104766,1.9973545328643794,7.605310059238965e-07,2.0609307395902325,1
1750.0,0.006441853042192662,1.595761071214922,0.0481245691193906,0.30109548792354773,2.6543734822545497,1.9973581578818447,7.58487908067502e-07,1.9273199844173057,1
1760.0,0.006453778663725019,1.5987052362596983,0.048147356561782456,0.3011221798579333,2.661058487027436,1.997361374877741,7.566850065575425e-07,2.0282005579409463,1
1770.0,0.006465733246638366,1.6016568304766305,0.048170143828599764,0.30114887162194176,2.6677101802052645,1.9973642032203613,7.551042224421957e-07,2.189059761197861,1
1780.0,0.006477716643920999,1.6046158161925432,0.04819293091753317,0.3011755632127296,2.6743287241259757,1.9973666614015544,7.537302816635801e-07,2.0027758550789905,1
1790.0,0.006489728709282339,1.6075821559182237,0.04821571782636881,0.30120225462757105,2.680914280477801,1.9973687671081615,7.525502744722412e-07,2.0518963879087497,1
1800.0,0.006501769297139524,1.6105558123431152,0.04823850455317674,0.3012289458640897,2.6874670106425826,1.9973705356218736,7.515413061538462e-07,1.910275101413401,1
1810.0,0.006513838262635888,1.6135367483440328,0.04826129109590931,0.30125563691976454,2.6939870749755204,1.9973719832294337,7.506938425359764e-07,2.099386426482827,1
1820.0,0.006525935461624792,1.6165249269786504,0.04828407745264055,0.3012823277922239,2.7004746332402454,1.9973731251902338,7.499962811874279e-07,2.158145975113121,1
1830.0,0.006538060750667957,1.6195203114853531,0.04830686362153735,0.3013090184792107,2.706929844560638,1.9973739759804865,7.494357414436124e-07,1.8404916950082706,1
1840.0,0.006550213987033564,1.6225228652829986,0.04832964960083481,0.30133570897855183,2.7133528673799288,1.9973745495030641,7.489986098232344e-07,1.9833509669920755,1
1850.0,0.006562395028668792,1.6255325519597779,0.048352435389249576,0.30136239928866687,2.7197438602116333,1.9973748555772177,7.48708372147951e-07,1.8534649814020114,1
1860.0,0.006574603734242268,1.6285493352918359,0.04837522098519921,0.3013890894076073,2.726102980232112,1.9973749065674857,7.485546220350145e-07,2.0728611738796534,1
1870.0,0.006586839963125898,1.631573179236088,0.04839800638705683,0.3014157793333697,2.7324303837445623,1.997374715221345,7.485164257106996e-07,1.9998865869122961,1
1880.0,0.006599103575379783,1.6346040479243542,0.04842079159335296,0.30144246906414474,2.7387262265475654,1.9973742929552374,7.48580874426517e-07,2.0070815981043877,1
1890.0,0.0066113944317561695,1.6376419056655915,0.048443576602652354,0.3014691585981649,2.7449906637161594,1.997373650900298,7.487320170550055e-07,1.7932740640761378,1
1900.0,0.006623712393696689,1.6406867169452706,0.048466361413545496,0.30149584793369455,2.7512238495901444,1.9973727999746094,7.48950240980634e-07,1.8478254151975426,1
1910.0,0.006636057323329597,1.6437384464247518,0.04848914602464012,0.30152253706901916,2.7574259377623864,1.9973717509554545,7.492116529907015e-07,2.1181134668578014,1
1920.0,0.006648429083467007,1.6467970589406595,0.04851193043455263,0.30154922600243494,2.763597081067119,1.9973705145515692,7.494874601662385e-07,2.0389535091742244,1
1930.0,0.006660827537602127,1.6498625195042615,0.048534714641899665,0.3015759147322383,2.769737431568249,1.997369101475396,7.497433507729081e-07,1.9917151015471224,1
1940.0,0.006673252549800135,1.6529347932564848,0.04855749864701362,0.30160260325883803,2.77584714367029,1.9973675078750772,7.501407845312443e-07,1.9936446966584784,1
1950.0,0.006685703984850726,1.6560138455320612,0.04858028244941675,0.30162929158164525,2.7819263695471608,1.9973657367836657,7.507415557676935e-07,1.9478694111241932,1
1960.0,0.006698181708322598,1.659099641882777,0.048603066046884615,0.30165597969792113,2.787975257449754,1.9973638060713814,7.513984981963228e-07,1.9324591588137245,1
1970.0,0.006710685586381696,1.662192148002203,0.04862584943833904,0.3016826676063377,2.7939939569491927,1.9973617238803576,7.520946510076565e-07,1.981678011142216,1
1980.0,0.006723215485858864,1.6652913297544392,0.04864863262269805,0.30170935530556264,2.799982616857681,1.9973594983900298,7.528089580495614e-07,1.9524731615194129,1
1990.0,0.006735771274247022,1.6683971531734603,0.04867141559886852,0.30173604279424954,2.805941385218827,1.9973571378798962,7.535157796295285e-07,2.0577846927144003,1
2000.0,0.00674835281969833,1.6715095844624657,0.04869419836573877,0.3017627300710294,2.8118704092979754,1.9973546507922801,7.541844043169536e-07,1.9736668394718526,1
2010.0,0.006760959991021358,1.6746285899932238,0.04871698092217114,0.301789417134501,2.8177698355725327,1.9973520457950882,7.547785607454186e-07,2.128476720542264,1
2020.0,0.006773592657678254,1.6777541363054218,0.04873976326699463,0.3018161039832224,2.8236398097222972,1.9973493318445736,7.552559294149732e-07,2.2088312841853273,1
2030.0,0.006786250689682879,1.6808861900624856,0.04876254540082746,0.3018427906179539,2.829480479918431,1.9973465027091772,7.557510001927171e-07,1.935840398819081,1
2040.0,0.006798933957630258,1.6840247180651193,0.04878532732547304,0.301869477040915,2.8352919957383937,1.997343542098155,7.565148113140628e-07,2.11679478523794,1
2050.0,0.006811642333036239,1.6871696874011672,0.04880810903758432,0.30189616324798474,2.8410744967488917,1.9973404774610266,7.572804150739162e-07,2.093509647115371,1
2060.0,0.006824375687916088,1.6903210652610097,0.048830890536390475,0.3019228492382136,2.8468281264377095,1.9973373143761517,7.580372878036883e-07,2.1879654688298262,1
2070.0,0.006837133894920831,1.6934788189980676,0.048853671821118154,0.3019495350106491,2.8525530275688125,1.99733405844864,7.58773205920649e-07,1.9775466029886868,1
2080.0,0.006849916827334239,1.6966429161280767,0.04887645289098717,0.30197622056433004,2.8582493421783273,1.9973307153464626,7.594740721956934e-07,2.0809713458451986,1
2090.0,0.0068627243590698404,1.6998133243283615,0.04889923374520627,0.3020029058982819,2.8639172115705342,1.997327290836558,7.601237420211077e-07,2.106817003986099,1
2100.0,0.006875556364667913,1.7029900114371046,0.048922014382968886,0.30202959101151106,2.8695567763138476,1.9973237908209451,7.607038496783353e-07,2.143021418985196,1
2110.0,0.006888412719292481,1.706172945452622,0.04894479480344885,0.30205627590299994,2.875168176236804,1.9973202213728294,7.611936346057424e-07,1.7549262439414535,1
2120.0,0.006901293298706793,1.7093620945204384,0.04896757500647001,0.30208296057253103,2.8807515516217994,1.9973165830509478,7.616179261737517e-07,2.1308399263748528,1
2130.0,0.0069141979792013315,1.7125574268934751,0.048990354994661554,0.3021096450233403,2.8863070470396983,1.9973128525982167,7.622013112446452e-07,1.9640473442590662,1
2140.0,0.006927126637858912,1.7157589110832197,0.049013134765061035,0.30213632925178024,2.891834796427889,1.9973090542421623,7.627681485366319e-07,2.1068044921512716,1
2150.0,0.006940079152293865,1.7189665157129286,0.04903591431718085,0.30216301325725003,2.8973349374319124,1.9973051912005828,7.633191965415426e-07,2.0722961159760795,1
2160.0,0.006953055400727591,1.722180209561404,0.04905869365054502,0.30218969703916315,2.9028076070306095,1.9973012665975454,7.638556996014011e-07,2.0331154298662124,1
2170.0,0.006966055261985472,1.72539996156222,0.04908147276468746,0.30221638059694517,2.908252941536648,1.9972972834778115,7.643793966861015e-07,2.025118598737266,1
2180.0,0.006979078615493791,1.72862574080295,0.04910425165915027,0.30224306393003175,2.9136710765970464,1.9972932448212621,7.64892530171086e-07,1.9886284471751279,1
2190.0,0.006992125341276651,1.7318575165243921,0.049127030333482063,0.3022697470378667,2.9190621471936997,1.997289153557322,7.653978546150225e-07,2.127139187569672,1
2200.0,0.007005195319952888,1.7350952581197956,0.04914980878723625,0.3022964299198995,2.9244262876439033,1.997285012579386,7.658986455374826e-07,1.9409368248519785,1
2210.0,0.00701828843273299,1.7383389351340879,0.049172587019969335,0.30232311257558364,2.9297636316008786,1.9972808247592428,7.66398708196619e-07,2.0349582460266387,1
2220.0,0.007031404561532937,1.7415885172789183,0.0491953650326685,0.30234979500613385,2.9350743144109033,1.9972765808262911,7.668873022708717e-07,2.2074041127420196,1
2230.0,0.0070445435886740786,1.7448439743916995,0.04921814282411878,0.30237647721005373,2.9403584671268588,1.997272290211574,7.673774719179056e-07,2.2157713631244267,1
2240.0,0.007057705397134666,1.748105276469279,0.04924092039401393,0.30240315918696575,2.9456162216407282,1.9972679546354002,7.678732059698241e-07,2.1561267717602495,1
2250.0,0.007070889870474028,1.7513723936573262,0.04926369774206544,0.30242984093651404,2.9508477092178538,1.9972635756722203,7.683788319398063e-07,2.0287993630495897,1
2260.0,0.007084096892829147,1.7546452962495107,0.04928647486799669,0.3024565224583575,2.9560530604907176,1.9972591547997876,7.688990679772717e-07,2.0216442962975476,1
2270.0,0.007097326348911648,1.7579239546867393,0.04930925177154213,0.3024832037521687,2.9612324054608057,1.9972546934066915,7.694390230788875e-07,2.0982093437597213,1
2280.0,0.007110578124004776,1.7612083395563918,0.04933202845244633,0.3025098848176324,2.9663858735004696,1.9972501927998911,7.700041972995761e-07,2.2458749819115655,1
2290.0,0.007123852103960386,1.7644984215915545,0.049354804910463124,0.3025365656544451,2.9715135933547914,1.9972456542122483,7.706004819635241e-07,2.178719197850115,1
2300.0,0.007137148175195924,1.7677941716702577,0.049377581145354725,0.3025632462623134,2.976615693143445,1.9972410788100596,7.71234159875189e-07,2.1668276287099975,1
2310.0,0.007150466225017563,1.7710955608993386,0.04940035715679002,0.3025899266408287,2.981692299818008,1.9972364685589472,7.718189402050147e-07,2.115653024727843,1
2320.0,0.007163806140852835,1.7744025604153464,0.049423132944579895,0.3026166067897577,2.986743540440003,1.9972318242198053,7.723938260121286e-07,2.091783431551171,1
2330.0,0.007177167810759597,1.7777151415166241,0.04944590850851812,0.302643286708846,2.991769541327945,1.9972271467037463,7.729771811695951e-07,2.1555361089110896,1
2340.0,0.007190551123412363,1.7810332756597793,0.04946868384838378,0.30266996639782096,2.996770428076995,1.9972224370515865,7.735697684495514e-07,2.0645316599914816,1
2350.0,0.0072039559680372334,1.7843569344428207,0.04949145896395953,0.30269664585641437,3.001746325664414,1.9972176962780976,7.741724339366337e-07,2.0720619622371905,1
2360.0,0.00721738223440884,1.7876860896043811,0.04951423385503074,0.30272332508436145,3.006697358451509,1.997212925379409,7.747861215341111e-07,2.0237810388309434,1
2370.0,0.007230829812847273,1.7910207130229385,0.04953700852138459,0.30275000408139957,3.0116236501855784,1.9972081253404097,7.754118874700202e-07,2.2928636325842975,1
2380.0,0.007244298594215017,1.7943607767160397,0.04955978296280923,0.3027766828472673,3.016525324001862,1.9972032971421476,7.760509148033001e-07,2.2222889213000734,1
2390.0,0.0072577884699138815,1.7977062528395216,0.049582557179092906,0.3028033613817033,3.021402502425486,1.997198441769232,7.767045279299262e-07,2.091734888604968,1
2400.0,0.007271299331881938,1.8010571136867342,0.049605331170023054,0.3028300396844452,3.0262553073734106,1.9971935602172344,7.773742070890445e-07,2.043941452587177,1
2410.0,0.007284831072590451,1.804413331687763,0.049628104935385435,0.30285671775522877,3.0310838601563783,1.9971886535000896,7.780616028691069e-07,2.1223429953884887,1
2420.0,0.007298383585040812,1.8077748794086508,0.049650878474963286,0.3028833955937865,3.035888281480859,1.9971837226574969,7.787685507140047e-07,2.0550798225793807,1
2430.0,0.0073119567627614734,1.8111417295506205,0.04967365178853643,0.30291007319984675,3.0406686914509975,1.9971787687623213,7.794970854292038e-07,2.163697742619267,1
2440.0,0.00732555049980488,1.8145138549492972,0.049696424875880385,0.30293675057313246,3.045425209570563,1.9971737929279947,7.802494556878784e-07,1.9917238007404026,1
2450.0,0.007339164691887518,1.8178912288558382,0.049719197737896306,0.30296342771475204,3.0501579554205525,1.9971687867233558,7.809597213800281e-07,2.1079820184572875,1
2460.0,0.007352799233439089,1.8212738242091968,0.049741970373694114,0.30299010462360937,3.0548670469188086,1.9971637569165006,7.816701962416743e-07,2.046825481832745,1
2470.0,0.007366454020029213,1.8246616142345606,0.0497647427829952,0.3030167812993608,3.059552601758131,1.997158705092484,7.823860366189628e-07,2.277228349899883,1
2480.0,0.007380128947837689,1.8280545723126886,0.04978751496561054,0.3030434577417731,3.064214737096921,1.997153632080361,7.831067782389851e-07,2.1085517106763945,1
2490.0,0.0073938239135573226,1.8314526719559248,0.04981028692134679,0.3030701339506076,3.068853569505508,1.9971485387502956,7.838319831604766e-07,2.1504018319949307,1
2500.0,0.007407538814390968,1.8348558868074485,0.04983305865000543,0.3030968099256193,3.0734692149681577,1.9971434260200542,7.845612477973597e-07,2.2637681314527534,1
2510.0,0.007421273548048566,1.8382641906405222,0.049855830151382056,0.30312348566655595,3.0780617888850847,1.9971382948614973,7.852942109422854e-07,2.0769828010736093,1
2520.0,0.00743502801274419,1.8416775573577409,0.04987860142526561,0.303150161173157,3.0826314060744635,1.9971331463070703,7.860305617901757e-07,2.2762183294419893,1
2530.0,0.007448802107193089,1.8450959609902822,0.04990137247143758,0.30317683644515303,3.0871781807744396,1.9971279814562983,7.867700479617663e-07,2.229125143941596,1
2540.0,0.007462595730608721,1.848519375697154,0.04992414328967126,0.30320351148226415,3.09170222664514,1.9971228014822762,7.875124835271483e-07,2.0660134147333498,1
2550.0,0.007476408782699805,1.8519477757644438,0.04994691387973098,0.30323018628419973,3.0962036567706854,1.9971176076381625,7.882577570293104e-07,2.0730464096524552,1
2560.0,0.007490241163667354,1.855381135604569,0.049969684241371326,0.30325686085065706,3.1006825836612,1.99711240126367,7.890058395076817e-07,2.161410124365672,1
2570.0,0.007504092774201723,1.8588194297555238,0.049992454374336394,0.30328353518132045,3.1051391192548237,1.99710718379156,7.897567925216736e-07,2.272056421797426,1
2580.0,0.007517963515499398,1.8622626328848546,0.0500152242783933,0.30331020927590263,3.109573374957113,1.9971019564630055,7.905106198031239e-07,2.217546207270383,1
2590.0,0.007531853291133601,1.8657107202370722,0.050037993956585855,0.30333688313814894,3.113985465190149,1.9970966927156788,7.912524407754593e-07,2.156829706647361,1
2600.0,0.007545762001898815,1.8691636664003974,0.050060763406283765,0.3033635567648216,3.118375497639624,1.9970914141440401,7.919932951716947e-07,2.046431093547215,1
2610.0,0.007559689550499427,1.872621446428261,0.05008353262733125,0.30339023015572814,3.1227435821391594,1.997086121346398,7.927330038793015e-07,2.0856848679804485,1
2620.0,0.007573635840121068,1.8760840354975166,0.050106301619569825,0.3034169033106729,3.127089827973117,1.997080814947936,7.934714654446848e-07,2.083194435335686,1
2630.0,0.007587600774427864,1.8795514089077454,0.05012907038283791,0.3034435762294562,3.13141434387902,1.9970754956039907,7.942086623705815e-07,2.051076833501152,1
2640.0,0.0076015842575597025,1.8830235420805526,0.05015183891697042,0.3034702489118743,3.135717238049978,1.9970701640033295,7.949446674134591e-07,2.206940246734662,1
2650.0,0.0076155861941294865,1.8865004105588716,0.05017460722179838,0.3034969213577185,3.139998618137113,1.9970648208714312,7.95679649880914e-07,2.1429947387687984,1
2660.0,0.0076296064892204,1.8899819900062644,0.05019737529714855,0.3035235935667749,3.144258591251978,1.9970594669737625,7.964138819290705e-07,1.9065027736369131,1
2670.0,0.007643645048383163,1.8934682562062228,0.05022014314284303,0.3035502655388238,3.1484972639689865,1.9970541031190576,7.971477448599789e-07,2.3370643669261844,1
2680.0,0.007657701777633293,1.8969591850614693,0.05024291075869887,0.3035769372736395,3.1527147423278326,1.9970487301625968,7.978817354190141e-07,2.0836493406395133,1
2690.0,0.007671776583448365,1.9004547525932587,0.050265678144527676,0.3036036087709893,3.156911131835917,1.997043349009485,7.986164720922744e-07,2.2996803195885387,1
2700.0,0.007685869372765271,1.9039549349406797,0.05028844530013523,0.30363028003063347,3.161086537470769,1.9970379606179296,7.9935270140398e-07,2.1574040648970914,1
2710.0,0.007699980052977479,1.9074597083599547,0.050311212225321096,0.30365695105232476,3.165241063682472,1.9970325660025199,8.000913042138708e-07,2.194390047571703,1
2720.0,0.007714108532120983,1.9109690492694915,0.050333978920144073,0.3036836218361348,3.169374814645484,1.9970271639818447,8.008308667400699e-07,2.086808325886811,1
2730.0,0.007728254720112955,1.9144829345501668,0.0503567453866707,0.3037102923846066,3.1734878959018538,1.9970217363416436,8.015516650434343e-07,2.069192553824685,1
2740.0,0.007742418524482487,1.9180013405101837,0.05037951162296407,0.30373696269535544,3.1775804087244377,1.9970162988417783,8.022707363297352e-07,2.1392142301395354,1
2750.0,0.00775659985450802,1.9215242438881837,0.05040227762891628,0.3037636327682478,3.181652455591533,1.9970108517262335,8.029884509273503e-07,2.157275727641903,1
2760.0,0.007770798619917571,1.9250516215380735,0.050425043404420666,0.3037903026031517,3.1857041384749647,1.9970053952316944,8.037052585374144e-07,2.129471066997916,1
2770.0,0.007785014730886212,1.928583450428379,0.05044780894937179,0.3038169721999367,3.1897355588428016,1.9969999295881486,8.044216916411273e-07,2.2317617599028914,1
2780.0,0.007799248098033555,1.932119707641602,0.050470574263665344,0.3038436415584738,3.19374681766208,1.996994455019488,8.051383689070634e-07,2.209197213948415,1
2790.0,0.007813498632421239,1.9356603703735749,0.05049333934719806,0.3038703106786352,3.19773801540152,1.9969889717441103,8.058559985984803e-07,2.3243298350213655,1
2800.0,0.00782776624555041,1.9392054159328183,0.050516104199867684,0.3038969795602943,3.2017092520342483,1.9969834799755202,8.065753819806275e-07,2.277435341105341,1
2810.0,0.0078420508493592,1.942754821739893,0.05053886882157285,0.3039236482033258,3.2056606270405172,1.9969779799229315,8.07297416728056e-07,2.3003314528917898,1
2820.0,0.00785635235622023,1.9463085653267582,0.05056163321221304,0.30395031660760524,3.2095922394104233,1.9969724717918687,8.080231003319261e-07,2.184509444910855,1
2830.0,0.007870670678938064,1.949866624336127,0.050584397371688496,0.3039769847730091,3.213504187646628,1.9969669557847687,8.087535335073175e-07,2.2185744984750593,1
2840.0,0.007885005730746717,1.9534289765208195,0.050607161299900165,0.30400365269941493,3.2173965697670783,1.9969614321015823,8.09489923600537e-07,2.131214160778876,1
2850.0,0.00789935742530713,1.9569955997431205,0.05062992499674959,0.3040303203867008,3.221269483307725,1.9969559009403755,8.102335879964284e-07,2.3127092355095282,1
2860.0,0.007913725676989138,1.960566472046159,0.05065268846223192,0.30405698783486,3.2251230251653493,1.9969503617102424,8.109793408621991e-07,2.1459695730848685,1
2870.0,0.007928110401339528,1.9641415717724013,0.050675451696589664,0.30408365504419055,3.2289572913357882,1.996944811728934,8.117045514593065e-07,2.2214984259791373,1
2880.0,0.007942511512429909,1.9677208768921894,0.05069821469944621,0.3041103220142281,3.232772378405891,1.9969392535598787,8.12430774165677e-07,2.241676886171515,1
2890.0,0.007956928925671772,1.971304365716439,0.05072097747072708,0.3041369887448803,3.2365683819725968,1.9969336872113015,8.131582186853708e-07,2.2314432218649864,1
2900.0,0.00797136255689623,1.9748920166636414,0.050743740010359806,0.3041636552360574,3.240345397161488,1.996928112677957,8.138870992124119e-07,2.22535343059344,1
2910.0,0.007985812322351665,1.9784838082592642,0.05076650231827386,0.3041903214876718,3.244103518629409,1.9969225299412463,8.146176337535231e-07,2.1002668969175784,1
2920.0,0.008000278138701394,1.9820797191351502,0.05078926439440065,0.30421698749963844,3.2478428405670874,1.9969169389693313,8.153500434508618e-07,2.1783164236312835,1
2930.0,0.00801475992302133,1.985679728028918,0.050812026238673556,0.3042436532718747,3.251563456701756,1.9969113397172507,8.160845519047559e-07,2.1162197225886676,1
2940.0,0.008029257592797632,1.9892838137833626,0.05083478785102783,0.30427031880430017,3.255265460299773,1.9969057321270347,8.16821384496439e-07,2.278817801846737,1
2950.0,0.008043771065924375,1.992891955345854,0.05085754923140064,0.30429698409683686,3.258948944169245,1.9969001161278215,8.175607677107867e-07,2.24179851052161,1
2960.0,0.008058300260701201,1.996504131767738,0.050880310379731016,0.30432364914940907,3.2626140006626456,1.9968944916359717,8.183029284590515e-07,2.2552858879502793,1
2970.0,0.008072845095830984,2.000120322203736,0.05090307129595988,0.3043503139619434,3.2662607216794384,1.9968888585551843,8.190480934015986e-07,2.261676849764729,1
2980.0,0.008087405490417487,2.0037405059113453,0.05092583198003,0.3043769785343688,3.2698891986686967,1.9968832167766113,8.197964882706421e-07,2.3425489917655735,1
2990.0,0.008101981363963017,2.007364662250238,0.05094859243188596,0.3044036428666163,3.2734995226317256,1.9968775661789742,8.2054833719298e-07,2.327495784162496,1
3000.0,0.008116572632119491,2.0109927695965313,0.05097135265109453,0.30443030695815204,3.2770917882686854,1.9968719098186656,8.212982553008917e-07,2.2537680318958793,1
3010.0,0.00813117920846716,2.014624805797705,0.050994112636963386,0.3044569708081231,3.280666092172662,1.9968662529357162,8.220370946455472e-07,2.378670233813132,1
3020.0,0.008145801022435964,2.0182607527516145,0.05101687239018482,0.304483634417381,3.284222515413709,1.9968605891386235,8.22776123779531e-07,2.3426996508235813,1
3030.0,0.008160437995202382,2.021900590247315,0.051039631910693224,0.3045102977858444,3.287761147081043,1.996854918405839,8.235153582365468e-07,2.2434890693717167,1
3040.0,0.008175090048373152,2.0255442981841676,0.05106239119842498,0.30453696091343424,3.291282075780452,1.9968492407025387,8.242548200663139e-07,2.313122499765214,1
3050.0,0.008189757103985288,2.0291918565718414,0.051085150253318425,0.3045636238000739,3.2947853896342902,1.9968435559806221,8.249945378345672e-07,2.3446213704765206,1
3060.0,0.00820443908450606,2.0328432455303105,0.051107909075313845,0.30459028644568936,3.298271176281481,1.9968378641787128,8.257345466230573e-07,2.2746976599290365,1
3070.0,0.008219135912833003,2.0364984452898582,0.05113066766435351,0.3046169488502088,3.3017395228775164,1.9968321652221586,8.264748880295506e-07,2.182714253618922,1
3080.0,0.008233847512293922,2.0401574361910733,0.05115342602038162,0.30464361101356285,3.305190516094457,1.996826459023031,8.27215610167829e-07,2.10516541576583,1
3090.0,0.008248573806646883,2.0438201986848514,0.05117618414334439,0.30467027293568477,3.3086242421209304,1.9968207454801254,8.279567676676898e-07,2.100926414927924,1
3100.0,0.00826331472008022,2.0474867133323946,0.05119894203318996,0.30469693461650993,3.3120407866621346,1.996815024478962,8.286984216749467e-07,2.209027023385865,1
3110.0,0.008278070177212526,2.051156960805213,0.051221699689868436,0.30472359605597626,3.3154402349398353,1.9968092958917836,8.294406398514283e-07,2.3579290196225746,1
3120.0,0.008292840103092666,2.0548309218851224,0.05124445711333191,0.3047502572540242,3.3188226716923657,1.9968035595775582,8.301834963749792e-07,2.3321080526453155,1
3130.0,0.008307624423199765,2.0585085774642464,0.051267214303534404,0.3047769182105965,3.3221881811746283,1.9967978153819774,8.309270719394596e-07,2.299712372339374,1
3140.0,0.008322423063443213,2.062189908545015,0.05128997126043194,0.30480357892563825,3.3255368471580944,1.9967920631374563,8.316714537547455e-07,2.1428201005886303,1
3150.0,0.008337235950162667,2.065874896240164,0.051312727983982474,0.30483023939909715,3.328868752930803,1.9967863026631347,8.324167355467283e-07,2.228470931781074,1
3160.0,0.008352063010128051,2.069563521772738,0.05133548447414594,0.30485689963092316,3.3321839812973613,1.9967805337648759,8.331630175573152e-07,2.2020220552472973,1
3170.0,0.008366904170539547,2.0732557664760867,0.051358240730884235,0.3048835596210687,3.3354826145789467,1.9967747562352673,8.33910406544429e-07,2.1502329628657066,1
3180.0,0.008381759359027607,2.0769516117938682,0.05138099675416122,0.3049102193694887,3.3387647346133025,1.9967689698536204,8.346590157820083e-07,2.3157259250455815,1
3190.0,0.008396628503652947,2.080651039280046,0.0514037525439427,0.30493687887614035,3.3420304227547417,1.9967631743859706,8.354089650600071e-07,2.1604574413304825,1
3200.0,0.008411511532906545,2.084354030598891,0.05142650810019648,0.3049635381409833,3.345279759874147,1.996757369585077,8.361603806843954e-07,2.1598192857891876,1
3210.0,0.00842640837570965,2.088060567524981,0.0514492634228923,0.30499019716397974,3.3485128263589665,1.9967515551904236,8.369133954771586e-07,2.1439906719346404,1
3220.0,0.008441318945444384,2.0917706278540904,0.051472018511428866,0.3050168559443888,3.3517297191850064,1.996745735667365,8.376659131507027e-07,2.29145002759424,1
3230.0,0.008456243121908147,2.0954841807824476,0.05149477336398638,0.3050435144799699,3.3549305712077544,1.9967399255624232,8.384110820234418e-07,2.2947923241480392,1
3240.0,0.008471180887811557,2.0992012218582983,0.05151752798242418,0.30507017277301096,3.358115405241702,1.996734108995537,8.391564039753081e-07,2.3480704683864246,1
3250.0,0.008486132172835996,2.1029217330513954,0.05154028236668538,0.30509683082344136,3.361284300767828,1.996728285938253,8.399019033687328e-07,2.2981230596620814,1
3260.0,0.008501096907067776,2.10664569643531,0.051563036516714164,0.3051234886311917,3.3644373368107656,1.9967224563563604,8.406476075351424e-07,2.236137338031222,1
3270.0,0.008516075020998137,2.1103730941874335,0.05158579043245576,0.30515014619619385,3.3675745919388027,1.9967166202098925,8.413935467749584e-07,2.302333598627732,1
3280.0,0.008531066445523245,2.1141039085889743,0.05160854411385646,0.3051768035183811,3.3706961442638814,1.9967107774531245,8.421397543575971e-07,2.2645544726298708,1
3290.0,0.008546071111944196,2.117838122024962,0.0516312975608636,0.305203460597688,3.3738020714415975,1.9967049280345757,8.428862665214703e-07,2.319484394381165,1
3300.0,0.008561088951967015,2.1215757169842435,0.05165405077342558,0.3052301174340502,3.3768924506712024,1.9966990718970077,8.436331224739844e-07,2.158679666033162,1
3310.0,0.008576119897702652,2.125316676059486,0.05167680375149184,0.30525677402740503,3.3799673586956005,1.9966932089774254,8.443803643915411e-07,2.3049705399904084,1
3320.0,0.008591163881666988,2.1290609819471755,0.0516995564950129,0.30528343037769073,3.383026871801352,1.996687339207077,8.451280374195371e-07,2.3040589883461062,1
3330.0,0.008606220836780828,2.132808617447617,0.0517223090039403,0.30531008648484703,3.38607106581867,1.9966814625114535,8.458761896723642e-07,2.4271265776635427,1
3340.0,0.008621290696369912,2.1365595654649345,0.05174506127822667,0.305336742348815,3.389100016121423,1.9966755788102888,8.46624872233409e-07,2.3986651520226827,1
3350.0,0.008636373394164898,2.1403138090070715,0.051767813317825664,0.305363397969537,3.3921137976271334,1.9966696880175605,8.473741391550535e-07,2.427602709560502,1
3360.0,0.00865146886430138,2.1440713311857897,0.05179056512269201,0.30539005334695646,3.3951124847969782,1.9966637900414883,8.481240474586746e-07,2.239784691382846,1
3370.0,0.008666577041319878,2.147832115216671,0.05181331669278149,0.3054167084810184,3.398096151635788,1.996657884784536,8.488746571346439e-07,2.2313441492234327,1
3380.0,0.008681697860165838,2.1515961444191154,0.05183606802805092,0.30544336337166894,3.4010648716920495,1.9966519721434097,8.496260311423288e-07,2.2964849946660735,1
3390.0,0.008696831256189638,2.155363402216343,0.05185881912845819,0.30547001801885565,3.4040187180579013,1.9966460520090592,8.503782354100911e-07,2.1954650344815407,1
3400.0,0.008711977165146578,2.159133872135392,0.05188156999396224,0.3054966724225273,3.4069577633691384,1.9966401242666765,8.511313388352878e-07,2.3226863746319633,1
3410.0,0.00872713552319689,2.1629075378071203,0.05190432062452307,0.305523326582634,3.409882079805209,1.9966341887956973,8.518854132842712e-07,2.3343030485275653,1
3420.0,0.008742306266905735,2.166684382966205,0.05192707102010171,0.305549980499127,3.412791739089217,1.9966282454698006,8.526405335923883e-07,2.242935697688183,1
3430.0,0.0087574893332432,2.1704643914511412,0.051949821180660286,0.3055766341719592,3.4156868124879183,1.9966222941569076,8.533967775639814e-07,2.3174692810596644,1
3440.0,0.008772684645543441,2.1742475436061284,0.05197257110594313,0.3056032876008151,3.4185673863181383,1.996616336466074,8.541534836528595e-07,2.1864432087265504,1
3450.0,0.00878789204275807,2.1780337981515108,0.05199532079437443,0.30562994078375433,3.4214336400777663,1.9966103845494183,8.549055106928872e-07,2.3180464899183075,1
3460.0,0.008803111555286463,2.181823162868169,0.05201807024735642,0.30565659372250226,3.424285541824864,1.996604426784739,8.556578206405447e-07,2.3541477915094298,1
3470.0,0.008818343120239032,2.1856156216307667,0.05204081946483237,0.30568324641698846,3.427123162634607,1.9965984632009877,8.564104249631971e-07,2.2601055085604784,1
3480.0,0.008833586675088562,2.1894111584068825,0.052063568446745936,0.30570989886714284,3.429946573172825,1.9965924938266537,8.571633358472741e-07,2.3593266245833213,1
3490.0,0.00884884215767021,2.193209757257007,0.052086317193041166,0.30573655107289593,3.432755843696001,1.9965865186897642,8.579165661982708e-07,2.25157356463103,1
3500.0,0.008864109506181498,2.197011402334544,0.0521090657036625,0.30576320303417864,3.43555104405127,1.9965805378178838,8.586701296407466e-07,2.4097882925951275,1
3510.0,0.008879388659182325,2.200816077885812,0.05213181397855477,0.3057898547509224,3.438332243676423,1.9965745512381154,8.594240405183269e-07,2.4188721485707796,1
3520.0,0.00889467955559496,2.2046237682500425,0.0521545620176632,0.3058165062230591,3.441099511599902,1.9965685589770992,8.601783138937012e-07,2.2981981413215182,1
3530.0,0.00890998213470404,2.2084344578593793,0.052177309820933396,0.30584315745052115,3.4438529164408034,1.9965625610610138,8.609329655486244e-07,2.223204504243148,1
3540.0,0.008925296336156576,2.2122481312388804,0.05220005738831137,0.3058698084332414,3.446592526408878,1.996556557515575,8.616880119839166e-07,2.295999260477223,1
3550.0,0.008940622099961947,2.2160647730065177,0.05222280471974351,0.3058964591711532,3.4493184093045284,1.9965505483660366,8.624434704194625e-07,2.380179099540509,1
3560.0,0.008955959366491907,2.219884367873176,0.052245551815176615,0.30592310966419045,3.452030632518812,1.9965445336371905,8.631993587942118e-07,2.3417627983095737,1
3570.0,0.008971308076480576,2.2237069006426524,0.05226829867455785,0.30594975991228734,3.4547292630334385,1.9965385133533657,8.639556957661798e-07,2.176357987548052,1
3580.0,0.008986668171024448,2.22753235621166,0.0522910452978348,0.3059764099153788,3.457414367420772,1.99653248753843,8.647125007124459e-07,2.293780690065604,1
3590.0,0.009002039591582385,2.231360719569822,0.0523137916849554,0.30600305967339997,3.46008601184383,1.996526456215788,8.654697937291552e-07,2.4416456028049986,1
3600.0,0.009017422279975627,2.2351919757996783,0.05233653783586803,0.3060297091862867,3.462744262056282,1.9965204194083825,8.662275956315176e-07,2.372669828389613,1
