time,sclerostin_bone,sclerostin_sensor,rankl_bone,opg_bone,osteocytes,osteoblasts,osteoclasts,biosensor_signal,detection_event
0.0,0.1147638274183769,0.025000000000000005,1.7806324980447767,2.249357098686983,1.0,1.0,1.0,6.292605822335027,1
10.0,0.005128905761059873,1.1217573472388631,0.13605311944694384,0.17840083854726477,1.0052292479684692,1.048282739348414,0.9048531721492812,5.348101478931135,1
20.0,0.004526325450653949,1.1282857071863088,0.06201292556262211,0.08513816358384649,1.0109054698647388,1.0946081733643256,0.8187452236557456,3.2585204798482907,1
30.0,0.004524991900195528,1.1288051505773555,0.05871086042876577,0.08095171874900266,1.0170041260736924,1.138676466475804,0.74083142226757,3.288688265498105,1
40.0,0.004526993788799228,1.1292945010027289,0.058595420146094694,0.0807776175009819,1.023501130453859,1.1805954966183754,0.670332095880463,3.094714922644794,1
50.0,0.004529031050434474,1.1297869568944359,0.05862394057361221,0.08078441909578868,1.030373584733781,1.220470072092056,0.6065416674345351,3.718085103802091,1
60.0,0.00453108594244944,1.1302828846263078,0.05865923483289774,0.08079939011239054,1.0375997246865745,1.258399901726767,0.5488217009592923,4.984090074177542,1
70.0,0.004533158998297193,1.1307824568182105,0.05869545383961179,0.08081518271319456,1.0451588647602088,1.2944798315486588,0.4965945157713937,4.307931110520681,1
80.0,0.00453525016801861,1.131285841461205,0.0587319027442917,0.08083093864806412,1.0530313453826698,1.3288000818791283,0.4493374046694188,4.208030761012068,1
90.0,0.004537360318721642,1.1317931874331344,0.05876888093027465,0.08084705083349968,1.0611984828418548,1.3614464729254772,0.4065774031287075,3.6562412441841357,1
100.0,0.004539489623573153,1.132304641101139,0.05880612993007186,0.08086320893866272,1.069642521607752,1.3925006393690995,0.3678865557171019,5.843318676210139,1
110.0,0.004541638551420071,1.1328203368961942,0.05884374168449475,0.08087954314414536,1.0783465889551727,1.422040234610938,0.3328776282810726,4.314188053820225,1
120.0,0.004543807416589614,1.1333404022610059,0.058881698461514045,0.08089604482303542,1.0872946518656554,1.4501391247548556,0.3012002407219211,4.201277173118993,1
130.0,0.00454599655334748,1.133864956330713,0.05891996503210435,0.08091268264715307,1.096471475967149,1.4768675734231993,0.2725373552152527,4.593569200124016,1
140.0,0.0045482062507109944,1.134394110988794,0.058958532501935494,0.08092945781450853,1.1058625865023815,1.5022924174420889,0.2466021038011926,3.5710008597333984,1
150.0,0.004550436794504153,1.1349279708306421,0.05899737236124648,0.080946346217793,1.11545423122529,1.5264772338506105,0.22313492129346402,3.531790119173619,1
160.0,0.004552688443505128,1.1354666337675607,0.05903648563014849,0.08096336035985373,1.125233345090804,1.5494824988394376,0.2019009480378901,3.6730308505809908,1
170.0,0.004554961439730153,1.1360101912732095,0.059075862535123674,0.08098049860469528,1.1351875165074425,1.5713657396566976,0.1826876572903114,4.056286539534212,1
180.0,0.004557256004674147,1.1365587287507801,0.05911547735212878,0.08099773871027807,1.1453049554883494,1.5921816779705547,0.1653027454464462,4.872420481777484,1
190.0,0.004559572342945034,1.1371123258100992,0.05915531966202713,0.08101507721206117,1.1555744633585605,1.6119823662285544,0.1495722225358953,5.443169052248026,1
200.0,0.0045619106450648,1.137671056539127,0.059195383771402904,0.08103251612538703,1.1659854038056434,1.6308173179715613,0.13533866296602304,5.282530005760614,1
210.0,0.0045642710846280935,1.1382349898163808,0.059235657404848006,0.08105004872922603,1.1765276754242209,1.6487336314249728,0.12245963383745166,4.153371405775074,1
220.0,0.004566653820400172,1.13880418956029,0.05927612909237667,0.08106766889056562,1.1871916855794278,1.66577610715453,0.11080627132758934,4.984184876750563,1
230.0,0.004569058997471859,1.1393787149847017,0.05931678612077403,0.0810853685062174,1.1979683245861625,1.681987364300985,0.10026188529668835,3.8963187176556024,1
240.0,0.004571486747932614,1.139958620826588,0.059357623245098134,0.0811031484916691,1.2088489430332188,1.697407942662278,0.09072091107457794,4.728805367123753,1
250.0,0.004573937190851463,1.1405439575789527,0.05939863253136344,0.08112100600933059,1.219825329273225,1.71207640402951,0.08208785241463869,4.582837756377842,1
260.0,0.004576410433471736,1.1411347717009057,0.05943980493299523,0.08113893647161388,1.2308896879438211,1.7260294288821503,0.07427631570698663,3.4442933040134194,1
270.0,0.0045789065717217374,1.1417311058242394,0.05948113172110544,0.08115693535910469,1.2420346194856235,1.7393019085974835,0.06720813589635778,3.157332917644422,1
280.0,0.004581425690912674,1.142332998947495,0.05952260488494786,0.08117499874108196,1.2532531006858323,1.7519270330444654,0.060812582829776855,4.7631640353237525,1
290.0,0.0045839678661094355,1.142940486622669,0.05956421810489865,0.08119312451613134,1.264538466246863,1.7639363735647084,0.055025648712891555,3.3618434318890955,1
300.0,0.004586533162654906,1.1435536011310914,0.05960596457219893,0.0812113096813118,1.2758843912509563,1.775359961921404,0.04978941284887189,5.827252877075622,1
310.0,0.004589121636780158,1.1441723716486487,0.05964783762630069,0.08122955114858611,1.2872848745695737,1.7862263649964436,0.0450514695527199,4.695018277640115,1
320.0,0.00459173333603683,1.1447968244071904,0.05968983080295876,0.0812478458187865,1.2987342228120031,1.7965627570609795,0.0407643920756507,4.7426833384053815,1
330.0,0.004594368299775815,1.1454269828428325,0.05973193823120363,0.08126619109388851,1.310227035493038,1.8063949865598339,0.03688527818225489,4.012006547594936,1
340.0,0.0045970265595110275,1.1460628677413418,0.05977415458443152,0.08128458482748252,1.3217581905927922,1.8157476411311604,0.033375309207963846,6.339438886467638,1
350.0,0.004599708139375406,1.1467044973751142,0.059816474507895505,0.0813030246153032,1.333322830838318,1.8246441093777954,0.030199357826979724,4.485371674658823,1
360.0,0.0046024130565114375,1.1473518876325046,0.05985889289248262,0.08132150815077188,1.344916350785774,1.833106639035911,0.02732564107119136,4.785414353884654,1
370.0,0.004605141321441125,1.1480050521438063,0.05990140481439659,0.08134003315954595,1.3565343842457513,1.8411563935993194,0.02472539026607168,4.8613986320623255,1
380.0,0.004607892938407797,1.148664002395811,0.05994400574544901,0.08135859767388859,1.368172792836821,1.8488135038664568,0.02237258238849262,4.2119788801239055,1
390.0,0.004610667905705595,1.1493287478448218,0.05998669139558674,0.08137719984379958,1.3798276547001307,1.856097118762542,0.020243671881393074,3.995435444970696,1
400.0,0.004613466216011697,1.1499992960231715,0.06002945759906967,0.08139583780259152,1.3914952538380871,1.863025453353148,0.018317353149539112,4.315858669965458,1
410.0,0.004616287856682725,1.1506756526398363,0.06007230039858003,0.08141450978120637,1.403172070056756,1.869615834140816,0.016574349785742692,5.185131097698172,1
420.0,0.004619132810049495,1.151357821678658,0.06011521600758671,0.08143321406903135,1.4148547691405098,1.8758847433164592,0.014997212716469092,5.769401000987595,1
430.0,0.004622001053678676,1.1520458054869518,0.06015820088862564,0.0814519491198806,1.4265401939861873,1.8818478586925935,0.013570158492423632,3.426308759910597,1
440.0,0.004624892560638831,1.1527396048637406,0.06020125166182425,0.081470713444186,1.4382253557688205,1.8875200934944742,0.012278905446294624,4.942890646079248,1
450.0,0.0046278072997486775,1.1534392191422855,0.06024436509098559,0.0814895055983811,1.449907425674893,1.8929156335971018,0.011110531147945166,3.68487519774869,1
460.0,0.004630745235811088,1.1541446462688039,0.06028753809899246,0.08150832421088766,1.4615837270170127,1.8980479730456816,0.010053342678056876,5.905634153352917,1
470.0,0.004633706329838826,1.1548558828778153,0.06033076775597163,0.08152716797352202,1.4732517276818389,1.902929948076286,0.009096757680838952,5.343930808818515,1
480.0,0.004636690539261749,1.155572924361784,0.06037405129533846,0.08154603566753559,1.4849090331462098,1.9075737685793221,0.008231203071248026,5.12890752588975,1
490.0,0.004639697818132377,1.1562957649394718,0.060417386075819396,0.08156492612152304,1.4965533796193047,1.911991048995769,0.007448016469452246,5.211391041585928,1
500.0,0.004642728117316893,1.1570243977199557,0.0604607695806976,0.08158383821584261,1.508182627617038,1.9161928372681427,0.006739360128276203,5.658979128174941,1
510.0,0.004645781384678939,1.1577588147641713,0.060504199415397114,0.08160277088473925,1.5197947557820575,1.9201896426860885,0.006098141176076172,6.220274678602993,1
520.0,0.004648857565252164,1.1584990071426837,0.060547673303799336,0.08162172311655819,1.5313878550789206,1.923991462043463,0.005517941571680915,5.669021711247054,1
530.0,0.004651956601403606,1.1592449649903842,0.06059118908578488,0.0816406939552466,1.5429601232944712,1.9276078044218123,0.004992954928012765,3.369177700581781,1
540.0,0.004655078432991883,1.1599966775593777,0.060634744702696294,0.08165968248649506,1.5545098597179003,1.9310477151651448,0.004517927223271728,4.622783555102755,1
550.0,0.004658222997515263,1.1607541332686322,0.06067833819570366,0.08167868783985736,1.5660354601432498,1.9343197984034968,0.004088104707778945,5.222117220075429,1
560.0,0.004661390230255123,1.161517319752013,0.06072196770090885,0.08169770918662997,1.577535412031978,1.937432238856104,0.0036991849804433744,3.607042963710772,1
570.0,0.004664580064408248,1.162286223902634,0.06076563144680685,0.08171674574039361,1.5890082900419973,1.9403928219851787,0.003347275532590877,4.404855055543141,1
580.0,0.004667792431214789,1.163060831915713,0.06080932774909187,0.08173579675408743,1.6004527517051668,1.9432089534815131,0.003028854574435136,4.033205218181496,1
590.0,0.004671027260080282,1.1638411293294746,0.06085305500432577,0.08175486151548816,1.6118675332991708,1.945887677875184,0.002740735359391095,5.436029790668203,1
600.0,0.004674284478690372,1.164627101063631,0.06089681168728786,0.08177393934712424,1.6232514459600829,1.948435696062977,0.0024800346314505736,5.418550368356159,1
610.0,0.004677564013122423,1.1654187314568036,0.06094059634683148,0.08179302960422133,1.6346033719003203,1.9508593823614424,0.002244142687805063,5.112182478462506,1
620.0,0.004680865787947074,1.1662160043006038,0.06098440760333749,0.0818121316743817,1.6459222609587894,1.9531648000648094,0.002030698724555747,4.7015492452129894,1
630.0,0.004684189726328081,1.1670189028731295,0.06102824414443235,0.0818312449750296,1.6572071272092013,1.9553577167410396,0.0018375666426697441,4.8821449405669455,1
640.0,0.0046875357501164824,1.1678274099705794,0.061072104721383726,0.0818503689515533,1.6684570457556986,1.9574436186848148,0.001662813566166049,3.3984391369141127,1
650.0,0.004690903779939332,1.1686415079370553,0.0611159881464066,0.08186950307644349,1.6796711497086065,1.9594277245597538,0.0015046907245371537,4.275381132501738,1
660.0,0.004694293735286332,1.1694611786936548,0.06115989328950833,0.08188864684779205,1.6908486272307264,1.961314998723126,0.0013616151739713135,5.58832377242646,1
670.0,0.0046977055345877846,1.1702864037646767,0.061203819076116425,0.08190779978853666,1.7019887188711063,1.9631101632565755,0.0012321550775891,5.292826750846507,1
680.0,0.00470113909529229,1.1711171643037346,0.06124776448395893,0.08192696144475625,1.7130907149078285,1.9648177099562494,0.0011150148123078862,4.6363009037845835,1
690.0,0.004704594333939218,1.1719534411181358,0.061291728540531734,0.08194613138456193,1.7241539528634586,1.9664419115457332,0.001009022056942575,5.219696751051845,1
700.0,0.004708071166227776,1.1727952146921155,0.06133571032075706,0.08196530919713323,1.7351778151344144,1.9679868323761933,0.000913116020648145,5.6050986419090645,1
710.0,0.004711569507082996,1.17364246520905,0.06137970894464224,0.08198449449166985,1.7461617267219969,1.969456338668901,0.0008263366724667991,4.6807297381967015,1
720.0,0.004715089270716625,1.1744951725719632,0.061423723575207353,0.08200368689654017,1.757105153133293,1.9708541079930846,0.00074781555322244,4.1583521433360024,1
730.0,0.004718630370686855,1.1753533164236523,0.06146775341623318,0.0820228860581716,1.7680075983201267,1.9721836385725002,0.0006767668204524749,4.749301745530952,1
740.0,0.0047221927199541346,1.1762168761655016,0.061511797710313114,0.08204209164021509,1.778868602748386,1.973448258005101,0.0006124794405672357,6.931620895254214,1
750.0,0.00472577623093477,1.1770858309755599,0.06155585573695753,0.08206130332271394,1.7896877415410013,1.9746511316511517,0.0005543099500449302,4.623857312008939,1
760.0,0.0047293808155511015,1.1779601598254752,0.06159992681081467,0.0820805208013245,1.8004646227345735,1.9757952705097381,0.0005016761047051324,4.557873903542965,1
770.0,0.004733006385278937,1.1788398414965136,0.06164401027997809,0.08209974378656969,1.8111988856272712,1.9768835386843695,0.00045405115131109475,5.240633637437475,1
780.0,0.004736652851193348,1.1797248545950323,0.061688105524307174,0.08211897200306356,1.8218901991811476,1.9779186606036123,0.00041095844808669563,5.5286525184945,1
790.0,0.004740320124011549,1.1806151775669795,0.061732211953900766,0.0821382051888476,1.8325382605214633,1.9789032278049803,0.0003719667382814911,5.121740624876383,1
800.0,0.004744008114134342,1.1815107887119118,0.06177632900760181,0.08215744309472588,1.8431427934840465,1.9798397055025732,0.0003366857107408418,3.112939434659213,1
810.0,0.004747716731684217,1.182411666195901,0.06182045615162603,0.08217668548366411,1.8537035472733796,1.9807304386562046,0.000304762239097391,3.7480882239439746,1
820.0,0.004751445886542136,1.183317788063998,0.06186459287822036,0.08219593213018915,1.864220295164933,1.9815776578413054,0.0002758768277939967,5.960002991354393,1
830.0,0.004755195488382554,1.1842291322521066,0.06190873870438008,0.08221518281981323,1.8746928332663333,1.9823834848539301,0.000249740376513874,4.53813928644834,1
840.0,0.004758965446706252,1.1851456765981305,0.06195289317065359,0.08223443734850809,1.8851209793509225,1.9831499379898312,0.00022609131773568736,5.168907079812441,1
850.0,0.0047627556708722315,1.1860673988528054,0.06199705583997218,0.0822536955221842,1.895504571722948,1.9838789371811074,0.00020469290056837988,5.039923997199063,1
860.0,0.004766566070126597,1.1869942766895245,0.06204122629658822,0.0822729571562229,1.9058434681830145,1.984572308681404,0.0001853309544611817,3.370904557464895,1
870.0,0.004770396553630936,1.1879262877139933,0.06208540414502254,0.08229222207500547,1.9161375450107276,1.9852317896736937,0.00016781169351249187,4.8181681467115745,1
880.0,0.004774247030488967,1.188863409473317,0.0621295890090732,0.0823114901114724,1.9263866960039413,1.9858590326231673,0.000151959768091441,5.344432556480031,1
890.0,0.0047781174097716065,1.1898056194645452,0.062173780530882156,0.08233076110671035,1.9365908315721898,1.9864556093861327,0.0001376165305596742,4.827450722076893,1
900.0,0.0047820076005402135,1.1907528951426172,0.062217978370061454,0.08235003490956387,1.94674987789009,1.9870230150488435,0.00012463851896380132,6.218638783091766,1
910.0,0.0047859175118709135,1.191705213928665,0.062262182202783616,0.08236931137623196,1.9568637760148864,1.9875626719278021,0.00011289580913445933,5.216646174206399,1
920.0,0.004789847052872746,1.192662553216254,0.062306391721081975,0.08238859036995674,1.96693248121035,1.9880759326407613,0.00010227109610255319,6.283491759370325,1
930.0,0.004793796132715868,1.193624890380981,0.06235060663180753,0.08240787176056012,1.9769559619348027,1.988564084690304,9.265757246015344e-05,4.42277779626331,1
940.0,0.004797764660637615,1.194592202782677,0.062394826656344535,0.08242715542431811,1.9869341995686516,1.989028351717064,8.395940740510096e-05,5.4504382126230295,1
950.0,0.004801752545977975,1.1955644677774344,0.06243905152931772,0.08244644124338585,1.9968671871597157,1.9894698991762945,7.608878564913441e-05,4.386484392409392,1
960.0,0.004805759698175241,1.1965416627163328,0.062483280998664945,0.08246572910583098,2.0067549294986047,1.989889834024417,6.896744384058946e-05,5.560118286521851,1
970.0,0.004809786026803632,1.19752376495818,0.06252751482427084,0.082485018905026,2.016597441792284,1.9902892107188854,6.252357288775824e-05,4.771421954446695,1
980.0,0.004813831441569041,1.1985107518682714,0.06257175277803605,0.08250431053967942,2.026394749736917,1.9906690309158614,5.6693075116711565e-05,4.536923709303071,1
990.0,0.004817895852339574,1.1995026008287664,0.06261599464275375,0.08252360391333682,2.0361468884274476,1.9910302484072935,5.1417408991098014e-05,6.889348687945293,1
1000.0,0.004821979169146794,1.200499289239279,0.06266024021199117,0.08254289893432805,2.0458539022478788,1.9913737696405394,4.664401629667937e-05,4.78080910380804,1
1010.0,0.004826081302209281,1.2015007945249245,0.06270448928920504,0.08256219551537462,2.055515844013726,1.9917004576067145,4.2324978172456855e-05,4.710844493379243,1
1020.0,0.004830202161935186,1.202507094137347,0.06274874168757887,0.08258149357351739,2.0651327748188515,1.9920111325558028,3.841722845041518e-05,4.966856546020093,1
1030.0,0.004834341658942825,1.2035181655617748,0.06279299722923991,0.08260079302976882,2.0747047632773903,1.9923065754369709,3.4881447370055985e-05,4.03268183789321,1
1040.0,0.004838499704062352,1.2045339863177515,0.06283725574512698,0.08262009380905437,2.08423188540017,1.9925875284803236,3.168237135946998e-05,4.6466884957110475,1
1050.0,0.004842676208354128,1.2055545339654472,0.06288151707428423,0.08263939583989877,2.0937142239114803,1.9928546982999995,2.8787802448133983e-05,4.089842501493646,1
1060.0,0.004846871083110876,1.2065797861065501,0.0629257810637123,0.08265869905435999,2.103151868109557,1.9931087565476375,2.6168860320318726e-05,5.283257189248426,1
1070.0,0.004851084239872502,1.2076097203893927,0.06297004756778438,0.08267800338776989,2.112544913302251,1.993350342479765,2.3799248506920086e-05,4.455737335053426,1
1080.0,0.004855315590430294,1.2086443145105241,0.06301431644802757,0.08269730877863712,2.12189346059945,1.9935800639177919,2.1655293143878558e-05,4.495757102589725,1
1090.0,0.004859565046837467,1.2096835462184072,0.06305858757268606,0.08271661516845323,2.1311976164924338,1.9937984991679685,1.971551860328051e-05,6.043753184618517,1
1100.0,0.00486383252141563,1.2107273933157463,0.06310286081642483,0.08273592250156096,2.1404574925703552,1.9940061983234825,1.796049790376429e-05,4.748800609774523,1
1110.0,0.004868117926761206,1.2117758336618045,0.0631471360600351,0.0827552307250236,2.149673205238458,1.99420368455858,1.6372677572957447e-05,5.961475838990846,1
1120.0,0.004872421175753997,1.2128288451754374,0.06319141319006555,0.0827745397884611,2.1588448753638434,1.9943914557493685,1.4936102798306985e-05,5.459323544220163,1
1130.0,0.004876742181559706,1.2138864058360987,0.06323569209866332,0.0827938496439795,2.1679726281256992,1.99456998517279,1.3636433844312551e-05,5.849798183605205,1
1140.0,0.004881080857640526,1.2149484936875543,0.06327997268313468,0.0828131602459758,2.1770565925924172,1.9947397234369215,1.2460574098792144e-05,5.578419289279969,1
1150.0,0.004885437117754669,1.2160150868378854,0.06332425484589035,0.08283247155111381,2.186096901673535,1.994901098721281,1.1396801135724235e-05,4.240053240303448,1
1160.0,0.004889810875967406,1.2170861634633505,0.06336853849399045,0.08285178351812195,2.1950936916814294,1.9950545187767375,1.0434393904618957e-05,4.4088399283018695,1
1170.0,0.004894202046649758,1.2181617018081103,0.0634128235391194,0.08287109610778208,2.204047102312056,1.995200371035758,9.56375490402784e-06,5.478734342387865,1
1180.0,0.004898610544487819,1.2192416801875121,0.06345710989719044,0.08289040928275404,2.2129572762647944,1.9953390243501838,8.776131579239676e-06,7.666952941760863,1
1190.0,0.004903036284480104,1.2203260769873625,0.06350139748836828,0.08290972300758553,2.2218243592695233,1.9954708288921772,8.06374075751525e-06,4.293975133418832,1
1200.0,0.004907479181952454,1.2214148706690888,0.06354568623647745,0.08292903724844954,2.2306484995155595,1.9955961187534794,7.419346934921739e-06,7.074463924215512,1
1210.0,0.00491193915255299,1.222508039768203,0.06358997606910964,0.08294835197319184,2.2394298477611194,1.995715211474501,6.836447852190928e-06,6.176429092792095,1
1220.0,0.004916416112247606,1.223605562892945,0.06363426691771203,0.08296766715137034,2.2481685574246044,1.9958284076553419,6.309443556667579e-06,5.618000626164216,1
1230.0,0.004920909977350965,1.2247074187348561,0.06367855871643094,0.08298698275374157,2.256864783463228,1.9959359960380734,5.8327292383938666e-06,5.385435265724694,1
1240.0,0.004925420664501771,1.2258135860606267,0.06372285140290997,0.08300629875261505,2.265518683155488,1.9960382499991036,5.401468853959521e-06,5.253338028032781,1
1250.0,0.004929948090662183,1.2269240437120559,0.06376714491824141,0.08302561512183178,2.274130416058951,1.9961354277623875,5.0116376439524384e-06,5.3354248909706605,1
1260.0,0.004934492173155369,1.2280387706188318,0.0638114392055783,0.08304493183614786,2.28270014266348,1.9962277784991864,4.658941666565655e-06,6.903163256111686,1
1270.0,0.004939052829630601,1.2291577457869525,0.06385573421129247,0.08306424887174876,2.2912280255240316,1.9963155372388475,4.339846016160318e-06,7.27464887467297,1
1280.0,0.004943629978071286,1.2302809483015809,0.06390002988462364,0.08308356620609347,2.299714228923972,1.9963989264106898,4.051360599727006e-06,5.477599397444779,1
1290.0,0.004948223536820667,1.2314083573358507,0.06394432617670427,0.0831028838174815,2.3081589179305952,1.9964781601295232,3.7903670990747205e-06,4.089498802098993,1
1300.0,0.0049528334245555776,1.2325399521421836,0.0639886230414194,0.08312220168543469,2.316562259237073,1.9965534404169791,3.554290387745195e-06,5.684871048835008,1
1310.0,0.0049574595602970666,1.2336757120560204,0.06403292043496228,0.08314151979049984,2.3249244207348805,1.9966249591542728,3.3408498031254246e-06,6.210461596206239,1
1320.0,0.004962101863421472,1.2348156164997153,0.06407721831537178,0.0831608381140434,2.333245571068627,1.9966929001150622,3.147834805598891e-06,6.0301523886102615,1
1330.0,0.004966760253646485,1.2359596449779755,0.0641215166429649,0.08318015663844341,2.341525880061442,1.9967574370648251,2.973345445615653e-06,6.547655355501944,1
1340.0,0.0049714346510401,1.2371077770810452,0.064165815379947,0.0831994753469165,2.3497655183408686,1.9968187354735938,2.8156472317424914e-06,4.514621969009793,1
1350.0,0.004976124976024687,1.2382599924862323,0.06421011449019802,0.08321879422342289,2.3579646571357946,1.9968769534556803,2.6731089316338447e-06,5.138569112867392,1
1360.0,0.004980831149366646,1.239416270954558,0.06425441393958051,0.08323811325280324,2.366123468580542,1.9969322404156014,2.5443390086184065e-06,6.931093890427929,1
1370.0,0.0049855530921869015,1.240576592334461,0.06429871369549249,0.08325743242058006,2.374242125285091,1.9969847390132645,2.4280236458123482e-06,4.704670965778247,1
1380.0,0.0049902907259612855,1.2417409365620817,0.06434301372678669,0.08327675171292187,2.3823208002613048,1.9970345855189333,2.3229130934352477e-06,4.488774698700029,1
1390.0,0.004995043972509028,1.2429092836575124,0.06438731400412129,0.08329607111679888,2.3903596672684344,1.9970819082718179,2.228012745775894e-06,3.6312442072349773,1
1400.0,0.0049998127540073845,1.2440816137299044,0.06443161449936291,0.08331539061971797,2.398358900237789,1.9971268303035343,2.1423225057711126e-06,7.29682150711492,1
1410.0,0.005004596992987259,1.2452579069761383,0.06447591518567827,0.08333471020976335,2.4063186733665067,1.9971694689353017,2.064909005602515e-06,6.551662678958966,1
1420.0,0.005009396612323122,1.2464381436775482,0.06452021603783716,0.08335402987573107,2.414239161416304,1.9972099344468581,1.995053514602807e-06,5.781289949358478,1
1430.0,0.005014211535248814,1.2476223042054428,0.06456451703156689,0.08337334960684242,2.422120539091452,1.9972483329128294,1.932005287126349e-06,5.9450342381619805,1
1440.0,0.005019041685349276,1.2488103690184453,0.06460881814378915,0.08339266939284906,2.4299629812732992,1.9972847651621866,1.8750984627089278e-06,5.465128260122799,1
1450.0,0.005023886986554948,1.2500023186607312,0.06465311935276438,0.08341198922409714,2.4377666631647257,1.9973193261435334,1.8237843938651553e-06,4.706700469468169,1
1460.0,0.0050287473631536895,1.2511981337662443,0.06469742063757947,0.0834313090912998,2.4455317597979835,1.9973521071768487,1.7775187955289848e-06,6.867293160717102,1
1470.0,0.0050336227397824364,1.2523977950560017,0.0647417219783946,0.08345062898564681,2.4532584462785523,1.9973831948681557,1.735822802440049e-06,3.083999605020983,1
1480.0,0.005038513041420455,1.2536012833359151,0.06478602335663898,0.08346994889889149,2.460946897978685,1.9974126702498156,1.698304323038933e-06,6.974167563163838,1
1490.0,0.0050434181934075105,1.2548085795031934,0.06483032475424425,0.08348926882301025,2.4685972898002557,1.9974406121489665,1.6645547256987214e-06,6.174020172958534,1
1500.0,0.005048338121431526,1.2560196645422472,0.0648746261540539,0.08350858875038442,2.476209796575193,1.9974670953885938,1.6342053289907255e-06,5.84901299812446,1
1510.0,0.00505327275153162,1.2572345195258845,0.06491892753963974,0.08352790867371876,2.48378459289234,1.9974921915939812,1.6069033188631403e-06,5.127877883189191,1
1520.0,0.005058222010082852,1.2584531256102112,0.0649632288958252,0.08354722858627384,2.4913218536080435,1.9975159668929983,1.5824071464055092e-06,5.612440241583402,1
1530.0,0.005063185823803368,1.2596754640372403,0.06500753020834278,0.08356654848171391,2.4988217535192074,1.9975384834213936,1.5605300718205967e-06,4.596458190742371,1
1540.0,0.005068164119782963,1.2609015161448733,0.0650518314626644,0.08358586835358751,2.5062844662362926,1.9975598044629008,1.5409386471831735e-06,4.730224320508567,1
1550.0,0.005073156825450362,1.2621312633557895,0.06509613264519906,0.0836051881958593,2.5137101653461835,1.9975799891860895,1.523366381551097e-06,5.719369851566537,1
1560.0,0.005078163868583015,1.2633646871809663,0.06514043374284845,0.0836245080027127,2.5210990239867113,1.9975990945973339,1.5075394188141943e-06,5.930846756090815,1
1570.0,0.005083185177257195,1.2646017692026352,0.06518473474487943,0.08364382776938153,2.5284512166616033,1.9976171673116287,1.4935257814346012e-06,7.048905330807576,1
1580.0,0.005088220679939673,1.2658424911060224,0.0652290356392956,0.08366314749053855,2.5357669157364042,1.9976342594986105,1.4810708953085655e-06,6.126669927772854,1
1590.0,0.0050932703054363685,1.2670868346618058,0.06527333641476617,0.08368246716115209,2.5430462933079703,1.9976504204054752,1.4699572283726087e-06,5.660489332430219,1
1600.0,0.0050983339828914445,1.268334781725953,0.06531763706059482,0.08370178677647223,2.5502895211786636,1.9976656964941102,1.460002716571914e-06,5.158999724673045,1
1610.0,0.005103411641783654,1.2695863142385948,0.0653619375668028,0.08372110633206775,2.5574967709406295,1.9976801310757708,1.451075420115673e-06,5.196965200254231,1
1620.0,0.005108503211899348,1.2708414142148245,0.06540623792513359,0.08374042582427219,2.5646682149501427,1.9976937598958031,1.4432676518233244e-06,5.95970239212146,1
1630.0,0.005113608623411874,1.2721000637723647,0.06545053812583375,0.0837597452487543,2.571804023223738,1.9977066252808418,1.436352784709459e-06,6.091826278631076,1
1640.0,0.005118727806814227,1.2733622451083777,0.06549483816026036,0.08377906460167607,2.5789043659600237,1.997718764680053,1.430231565703075e-06,5.399411440491391,1
1650.0,0.0051238606929361686,1.2746279405055512,0.0655391380201345,0.08379838387936106,2.5859694128232684,1.9977302139455664,1.4248088540740299e-06,7.140031472354979,1
1660.0,0.0051290072129311,1.2758971323276151,0.06558343769803292,0.08381770307851284,2.5929993334199546,1.9977410051720161,1.4200512726081362e-06,6.031491621504293,1
1670.0,0.005134167298287871,1.277169803023674,0.06562773718681394,0.08383702219596002,2.599994296751323,1.9977511692192542,1.4159236194495192e-06,7.220767889623435,1
1680.0,0.005139340880838256,1.2784459351310056,0.06567203647922842,0.08385634122848347,2.6069544708436476,1.9977607374222348,1.4123463227246476e-06,5.567845817500824,1
1690.0,0.005144527892740012,1.2797255112692325,0.06571633556857444,0.08387566017310708,2.6138800233815482,1.9977697387136486,1.4092716511636588e-06,7.571223324552193,1
1700.0,0.00514972826648122,1.2810085141420098,0.06576063444844274,0.08389497902698467,2.6207711214675107,1.9977782007427336,1.4066564705922902e-06,5.352595126608418,1
1710.0,0.0051549419348708575,1.2822949265336687,0.06580493311313251,0.08391429778758472,2.6276279320206,1.9977861480481418,1.4044642979139854e-06,5.736875859291413,1
1720.0,0.005160168831054775,1.2835847313153987,0.06584923155673093,0.08393361645228148,2.6344506209062533,1.9977936061028572,1.4026579027223507e-06,6.47832613441679,1
1730.0,0.00516540888850262,1.2848779114405147,0.0658935297737217,0.08395293501862534,2.6412393535180403,1.9978005986399894,1.4012027248375241e-06,5.521536827436171,1
1740.0,0.005170662041009213,1.2861744499451555,0.0659378277588327,0.08397225348427512,2.6479942946369297,1.9978071483219952,1.400064909848582e-06,5.829226751204271,1
1750.0,0.0051759282226852095,1.2874743299449432,0.06598212550745343,0.08399157184718342,2.654715608831229,1.9978132749065793,1.3992416085240746e-06,4.979316669470965,1
1760.0,0.005181207367950777,1.2887775346327748,0.0660264230158921,0.08401089010571083,2.661403460704451,1.9978189941168267,1.3987793443959533e-06,4.531435690585213,1
1770.0,0.005186499411576963,1.2900840472946258,0.06607072027908827,0.08403020825761018,2.6680580127285274,1.9978243276926488,1.3986149315040133e-06,5.576483213868624,1
1780.0,0.005191804288643775,1.2913938512939063,0.06611501729276831,0.08404952630098364,2.6746794272931282,1.9978292939190876,1.3987262286572056e-06,7.01047901726314,1
1790.0,0.005197121934551066,1.2927069300757539,0.06615931405278405,0.08406884423398915,2.6812678660819373,1.9978339105324479,1.3990864548666315e-06,6.350337124767474,1
1800.0,0.0052024522850175415,1.2940232671668424,0.0662036105550852,0.08408816205482807,2.687823490050406,1.9978381948412136,1.3996627067430558e-06,4.4804194952347975,1
1810.0,0.005207795276079768,1.2953428461751875,0.06624790679569192,0.08410747976173308,2.6943464594035063,1.9978421638469663,1.4004144758944198e-06,5.5704685704838015,1
1820.0,0.005213150844091171,1.2966656507899554,0.06629220277066723,0.08412679735295589,2.7008369335734868,1.997845834365301,1.4012921663233546e-06,6.412406451714169,1
1830.0,0.005218518925721043,1.297991664781269,0.06633649847608956,0.08414611482675503,2.7072950711976236,1.9978492231467442,1.4022356118246929e-06,6.350491425831993,1
1840.0,0.0052238994579535515,1.2993208720000176,0.06638079390802516,0.08416543218138363,2.7137210300959778,1.9978523469976708,1.403172593382983e-06,5.303771996657053,1
1850.0,0.00522929237808674,1.30065325637766,0.06642508906250065,0.08418474941507723,2.7201149672491463,1.9978552229012205,1.4040173565700007e-06,5.53463738572912,1
1860.0,0.005234697623607553,1.3019888018795052,0.06646938394196905,0.08420406652892513,2.7264770449442506,1.9978578396019417,1.4051893950500311e-06,5.493769606755053,1
1870.0,0.005240115132431741,1.3033274925949285,0.06651367854266493,0.08422338352125523,2.7328074187675373,1.997860213173972,1.4066010675465927e-06,5.856841847238943,1
1880.0,0.005245544842806934,1.304669312701176,0.06655797285960158,0.08424270038985304,2.7391062423550454,1.9978623650608742,1.4080586919040201e-06,4.640418790714523,1
1890.0,0.005250986693247257,1.3060142464390057,0.0666022668899156,0.08426201713344704,2.745373670573566,1.997864307377488,1.409531239923655e-06,6.003427239542845,1
1900.0,0.005256440622571589,1.307362278127229,0.06664656063078365,0.08428133375078345,2.7516098575455583,1.9978660520653029,1.4109841408563655e-06,7.101201725380801,1
1910.0,0.005261906569902312,1.3087133921624183,0.06669085407940833,0.08430065024062,2.7578149566397294,1.9978676109540487,1.412378880422663e-06,5.3523105334144585,1
1920.0,0.005267384474664055,1.3100675730186202,0.06673514723300421,0.08431996660171978,2.7639891204616105,1.9978689958232876,1.4136725998328173e-06,5.6535187635361215,1
1930.0,0.005272874276566091,1.3114248052406987,0.06677944008974065,0.08433928283326984,2.7701325017481366,1.9978702142591578,1.4148781779349816e-06,5.512803175633608,1
1940.0,0.00527837591553853,1.3127850734197024,0.06682373265238656,0.08435859893649975,2.776245256814959,1.9978712536373857,1.4162951069286445e-06,5.78109918541819,1
1950.0,0.005283889331949301,1.3141483622775136,0.06686802491553019,0.08437791490900629,2.7823275334858413,1.9978721372859602,1.4177021250117996e-06,6.236429669814264,1
1960.0,0.005289414466401934,1.3155146565883384,0.06691231687732159,0.08439723074996797,2.7883794821904564,1.99787287288288,1.4190999558424656e-06,4.75923577318487,1
1970.0,0.0052949512597934905,1.3168839412014566,0.0669566085359959,0.08441654645860104,2.7944012526834916,1.9978734677345888,1.420492026204109e-06,5.580872921101656,1
1980.0,0.005300499653313173,1.3182562010408738,0.06700089988986793,0.08443586203415715,2.800392994043375,1.9978739287996627,1.4218846102332407e-06,5.192528530169326,1
1990.0,0.005306059588440917,1.3196314211049756,0.0670451909373268,0.08445517747592096,2.8063548546710035,1.9978742627124968,1.423286973647013e-06,5.438358690236549,1
2000.0,0.005311631006945996,1.3210095864661813,0.06708948167683051,0.08447449278320769,2.812286982288466,1.9978744758069937,1.4247115179708167e-06,5.378931628908624,1
2010.0,0.0053172138508908685,1.32239068227045,0.0671337721075575,0.08449380795565252,2.818189524516232,1.9978745712534651,1.4261193941697535e-06,6.4291532436425065,1
2020.0,0.005322808062620898,1.323774693737181,0.06717806222829008,0.08451312299271467,2.824062627893417,1.9978745539653022,1.4275128851145952e-06,5.6105167227551025,1
2030.0,0.005328413584763937,1.3251616061588396,0.06722235203753174,0.0845324378937296,2.8299064379845773,1.9978744300833353,1.4289253620063698e-06,7.060900448040937,1
2040.0,0.005334030360234041,1.3265514049004683,0.06726664153414297,0.08455175265819127,2.835721099943062,1.997874204181791,1.4303682024992916e-06,7.040435475617281,1
2050.0,0.005339658332227801,1.3279440753994025,0.06731093071705019,0.08457106728562293,2.8415067582581552,1.9978738805474967,1.4318546512646806e-06,5.826813011589741,1
2060.0,0.0053452974442229385,1.3293396031649254,0.06735521958524168,0.08459038177557529,2.847263556755005,1.9978734631975619,1.4333998507822315e-06,8.35101422842676,1
2070.0,0.005350947639976925,1.3307379737779186,0.06739950813776359,0.08460969612762477,2.8529916385945544,1.9978729558970603,1.4350208721312858e-06,5.30545017374406,1
2080.0,0.005356608863529545,1.3321391728916687,0.06744379637365515,0.0846290103413447,2.858691146208607,1.9978723624437265,1.4367233371901648e-06,3.797655922888275,1
2090.0,0.005362281059239085,1.3335431862424652,0.0674880842913672,0.0846483244160471,2.8643622206832133,1.9978716892236004,1.438374000433647e-06,6.27660175350996,1
2100.0,0.005367964171673347,1.3349499996179115,0.06753237189041149,0.08466763835151517,2.87000500352388,1.9978709379620283,1.4400656908651085e-06,5.776911661377488,1
2110.0,0.005373658145702465,1.33635959888402,0.06757665916990907,0.08468695214735858,2.8756196351099303,1.9978701121035967,1.441797849476134e-06,6.430248483016815,1
2120.0,0.005379362926470414,1.3377719699769703,0.0676209461290028,0.08470626580319666,2.8812062551390714,1.997869214999499,1.4435684730411566e-06,6.938603938203667,1
2130.0,0.005385078459393683,1.339187098902779,0.06766523276685227,0.08472557931865625,2.8867650026263285,1.997868249929307,1.4453739395302098e-06,7.320941766624004,1
2140.0,0.005390804690159944,1.3406049717369706,0.06770951908262893,0.08474489269336935,2.8922960159029816,1.997867220122744,1.4472088335216809e-06,5.192609537710608,1
2150.0,0.005396541564726724,1.3420255746242478,0.06775380507551111,0.08476420592697108,2.897799432615502,1.9978661287814565,1.4490657716150616e-06,5.5279498176960935,1
2160.0,0.005402289029328635,1.343448893779446,0.06779809074508092,0.08478351901927586,2.9032753900646946,1.9978649773346986,1.4509612419916821e-06,6.932096590429991,1
2170.0,0.005408047030463893,1.3448749154853807,0.06784237609074857,0.0848028319700218,2.9087240247214923,1.9978637679691935,1.452898486127731e-06,5.597910834492234,1
2180.0,0.0054138155148888995,1.3463036260919072,0.06788666111155572,0.08482214477878329,2.914145472063567,1.9978625044935976,1.4548549115097455e-06,7.524810328092842,1
2190.0,0.005419594429630009,1.3477350120175515,0.0679309458067851,0.0848414574452418,2.91953986709459,1.9978611896591207,1.4568217045204132e-06,8.052267647276317,1
2200.0,0.005425383721977146,1.3491690597484254,0.06797523017571833,0.0848607699690783,2.9249073441423326,1.9978598262239045,1.4587882984516543e-06,7.87918967444898,1
2210.0,0.0054311833394824925,1.3506057558378988,0.06801951421763192,0.08488008234997152,2.9302480368584076,1.9978584169706068,1.4607422606019823e-06,8.275712923508795,1
2220.0,0.0054369932299591864,1.3520450869062735,0.06806379793179328,0.0848993945875961,2.9355620782180103,1.9978569647239868,1.4626691793738614e-06,5.824310581527163,1
2230.0,0.005442813341479925,1.3534870396403538,0.06810808131749313,0.08491870668163709,2.940849600552691,1.997855472208445,1.4645552105473763e-06,6.7116217697865235,1
2240.0,0.005448643622371639,1.3549316007880625,0.06815236437581432,0.0849380186325753,2.9461107371577286,1.9978539342750836,1.4665164074805237e-06,5.021547749455237,1
2250.0,0.005454484021224345,1.3563787571708985,0.0681966471051459,0.08495733043969535,2.951345618227603,1.9978523576145821,1.4684713620497578e-06,4.8842191609602565,1
2260.0,0.005460334486881274,1.3578284956728321,0.0682409295049576,0.08497664210276176,2.956554374282086,1.997850744170847,1.4704169736054106e-06,6.697995461158462,1
2270.0,0.005466194968439977,1.3592808032430255,0.0682852115747285,0.08499595362154319,2.961737135198196,1.9978490958484392,1.4723504122259295e-06,5.661136080270688,1
2280.0,0.005472065415251017,1.3607356668954966,0.06832949331394539,0.08501526499581172,2.9668940302119906,1.9978474145202514,1.4742691703994472e-06,6.733827275836138,1
2290.0,0.005477945776916649,1.3621930737087888,0.06837377472210095,0.08503457622534207,2.972025187920349,1.9978457020351887,1.4761711147053504e-06,5.443442988768766,1
2300.0,0.005483836003289513,1.3636530108256368,0.06841805579869203,0.08505388730991077,2.9771307362827617,1.997843960225846,1.4780545374958495e-06,6.570602964475187,1
2310.0,0.005489736044478411,1.3651154654534228,0.0684623365436717,0.08507319824949698,2.9822108030138352,1.997842188922024,1.479926978748214e-06,6.135212058922378,1
2320.0,0.0054956458508394115,1.3665804248630002,0.06850661695696258,0.08509250904406632,2.987265515167571,1.9978403880893083,1.4817959062168747e-06,6.280743705841488,1
2330.0,0.005501565372965047,1.3680478763873072,0.06855089703784775,0.0851118196933004,2.992294998616247,1.9978385605055502,1.4836570299485729e-06,6.593330221404225,1
2340.0,0.005507494561698943,1.3695178074228043,0.06859517678598918,0.08513113019704911,2.9972993789305886,1.9978367072854273,1.4855140703426303e-06,5.3087051989684895,1
2350.0,0.005513433368128888,1.3709902054285188,0.06863945620106647,0.08515044055517015,3.0022787810719604,1.997834829468264,1.4873718605057641e-06,6.507288394648834,1
2360.0,0.005519381743585536,1.3724650579257127,0.06868373528277628,0.08516975076752882,3.0072333293952362,1.9978329280201619,1.4892364223349141e-06,5.377790812682764,1
2370.0,0.005525339639641116,1.3739423524975536,0.06872801403083194,0.08518906083399778,3.0121631476516746,1.9978310038361298,1.4911150426000703e-06,6.62811003049952,1
2380.0,0.005531307008108134,1.3754220767887817,0.06877229244496284,0.08520837075445686,3.0170683589917937,1.9978290577422142,1.4930163490271007e-06,5.931691591426111,1
2390.0,0.005537283801116002,1.3769042185259028,0.06881657052467531,0.08522768052868682,3.0219490855536297,1.9978270915472982,1.4948319451788879e-06,6.626288281944403,1
2400.0,0.0055432699709165095,1.3783887654659654,0.06886084826984412,0.08524699015663204,3.026805449493822,1.9978251054421383,1.4966302113572584e-06,6.469173881283506,1
2410.0,0.005549265470038875,1.3798757054374058,0.068905125680233,0.08526629963818758,3.0316375721585676,1.997823100107646,1.4984187293037524e-06,5.536646298229334,1
2420.0,0.005555270251250966,1.381365026329846,0.068949402755609,0.08528560897324998,3.036445574285941,1.997821076212081,1.500201333778105e-06,6.572333338364783,1
2430.0,0.005561284267554803,1.382856716092918,0.06899367949575179,0.08530491816172138,3.041229576025847,1.9978190343699522,1.5019830664188885e-06,7.72890084581857,1
2440.0,0.005567307472185233,1.384350762735927,0.06903795590045332,0.08532422720350938,3.0459896969430145,1.9978169751438368,1.503770287226933e-06,5.203141831949122,1
2450.0,0.005573339818608622,1.3858471543275144,0.06908223196951731,0.0853435360985268,3.0507260560199985,1.9978148990461948,1.5055707860487441e-06,6.071441401092662,1
2460.0,0.005579381260521531,1.387345878995321,0.06912650770275892,0.08536284484669156,3.0554387716601745,1.9978128065411875,1.5073938940599223e-06,7.705775633093953,1
2470.0,0.005585431751849401,1.3888469249256508,0.0691707831000043,0.0853821534479264,3.0601279616907404,1.9978106980464927,1.509250595248582e-06,6.232724697714864,1
2480.0,0.0055914912467452385,1.3903502803631331,0.06921505816109012,0.08540146190215883,3.0647937433657098,1.9978085739351226,1.5111536378987713e-06,8.128357035903267,1
2490.0,0.005597559699588294,1.3918559336103875,0.0692593328858633,0.08542077020932083,3.069436233368915,1.9978064345372406,1.5131176460738899e-06,7.8676114503429115,1
2500.0,0.00560363706507736,1.393363873052555,0.06930360727391158,0.08544007836922932,3.0740555473325055,1.9978042813241108,1.5150626479665292e-06,6.58244202815499,1
2510.0,0.005609723298174606,1.3948740871425458,0.06934788132471903,0.08545938638165518,3.0786518001208245,1.9978021162245978,1.5168701794073898e-06,6.278265654760538,1
2520.0,0.005615818353814232,1.3963865643244628,0.0693921550384898,0.08547869424668905,3.0832251073185692,1.997799938003296,1.5186794594411812e-06,5.799565250622225,1
2530.0,0.005621922187286698,1.3979012931346135,0.06943642841505213,0.08549800196425465,3.0877755832594986,1.9977977470794661,1.5204939314882277e-06,7.356299673585357,1
2540.0,0.005628034754103765,1.39941826216604,0.06948070145423765,0.08551730953427718,3.0923033417137775,1.9977955438591015,1.522317797369819e-06,6.466796951413878,1
2550.0,0.005634156009997225,1.4009374600681974,0.06952497415588087,0.08553661695668315,3.0968084958907256,1.9977933287373504,1.524156079490913e-06,6.742060719352537,1
2560.0,0.005640285910917635,1.40245887554663,0.06956924651981859,0.08555592423140007,3.1012911584415703,1.997791102100934,1.5260146830228365e-06,7.636738096983754,1
2570.0,0.005646424413033045,1.403982497362646,0.0696135185458894,0.08557523135835625,3.1057514414621945,1.9977888643305683,1.5279004580859889e-06,7.460082077986378,1
2580.0,0.005652571472727733,1.4055083143329932,0.06965779023393305,0.08559453833748051,3.1101894564958896,1.997786615803384,1.5298212619325419e-06,8.582935401258828,1
2590.0,0.005658727046600933,1.4070363153295364,0.06970206158379,0.08561384516870199,3.114605314536106,1.997784356895345,1.5317860211291436e-06,6.63469142686313,1
2600.0,0.005664891091465568,1.408566489278932,0.06974633259530075,0.08563315185194983,3.1189991260292027,1.9977820879836719,1.5338047937396187e-06,7.2612355467872565,1
2610.0,0.0056710635643469785,1.4100988251623043,0.06979060326830536,0.08565245838715303,3.123371000877198,1.997779809449259,1.5358888315076718e-06,5.8399519538718305,1
2620.0,0.00567724442280137,1.411633312096411,0.06983487360285831,0.08567176477433573,3.1277210478159487,1.9977775207349975,1.5378721241856497e-06,5.997062578208812,1
2630.0,0.005683433624173968,1.4131699391445591,0.06987914359872895,0.08569107101339553,3.132049375864645,1.9977752225350833,1.5398249762791298e-06,7.68665064470505,1
2640.0,0.005689631126073991,1.4147086954376678,0.06992341325572184,0.08571037710424559,3.1363560933981978,1.9977729153911052,1.5417881484578937e-06,6.5731799077267485,1
2650.0,0.005695836886392393,1.4162495701787872,0.06996768257368895,0.08572968304682017,3.140641308112862,1.9977705996383468,1.5437623085671066e-06,7.374552647246238,1
2660.0,0.005702050863228734,1.417792552624461,0.07001195155248079,0.08574898884105288,3.144905127169353,1.9977682756203807,1.5457482133510894e-06,6.3532470583244685,1
2670.0,0.005708273014890015,1.4193376320844282,0.07005622019194585,0.08576829448687642,3.1491476571954116,1.997765943691209,1.5477467176441573e-06,7.210314262700094,1
2680.0,0.005714503299889497,1.4208847979213202,0.0701004884919301,0.08578759998422239,3.1533690042883706,1.9977636042174023,1.5497587835614537e-06,7.714623422830282,1
2690.0,0.005720741676945531,1.4224340395503634,0.07014475645227658,0.08580690533302104,3.157569274017718,1.9977612575802406,1.551785489689788e-06,6.699320365656954,1
2700.0,0.0057269881049803835,1.423985346439078,0.07018902407282483,0.08582621053320112,3.1617485714276636,1.9977589041778525,1.5538280402784707e-06,6.789321401986346,1
2710.0,0.005733242543119061,1.4255387081069792,0.07023329135341044,0.08584551558468963,3.165907001039704,1.997756544427356,1.5558877744301506e-06,7.283905164046756,1
2720.0,0.00573950495068814,1.4270941141252758,0.07027755829386456,0.08586482048741152,3.1700446668551883,1.9977541787669972,1.5579661752916501e-06,6.318444302763297,1
2730.0,0.005745775287282391,1.4286515541334945,0.07032182489421715,0.08588412524138013,3.174161672367844,1.997751806763448,1.5600554277832817e-06,6.93627852284858,1
2740.0,0.005752053512895242,1.4302110178720344,0.07036609115509204,0.08590342984687245,3.1782581205856792,1.9977494253768062,1.5621200798856898e-06,7.999558583141884,1
2750.0,0.00575833958725624,1.4317724950167967,0.07041035707571908,0.08592273430354645,3.1823341139363905,1.9977470376908524,1.564189239408585e-06,6.3676401904429625,1
2760.0,0.0057646334705107345,1.4333359753488208,0.07045462265597958,0.08594203861134944,3.18638975436995,1.9977446439297908,1.5662616781471714e-06,8.310912234066965,1
2770.0,0.005770935123002002,1.434901448699897,0.07049888789575469,0.08596134277022861,3.190425143329336,1.9977422443202268,1.5683360470832808e-06,6.118757146369132,1
2780.0,0.005777244505270162,1.4364689049522894,0.0705431527949251,0.08598064678013097,3.1944403817531106,1.9977398390921477,1.5704108733249205e-06,6.613379415366619,1
2790.0,0.005783561578051086,1.4380383340384573,0.07058741735337087,0.08599995064100323,3.1984355700779994,1.9977374284799025,1.5724845570458223e-06,5.979121606949636,1
2800.0,0.005789886302275318,1.4396097259407783,0.07063168157097124,0.08601925435279177,3.202410808241469,1.997735012723182,1.5745553684249895e-06,5.755935138324186,1
2810.0,0.005796218639066984,1.441183070691269,0.07067594544760432,0.08603855791544243,3.206366195684304,1.997732592067999,1.5766214445862452e-06,6.8871010417102925,1
2820.0,0.005802558549742707,1.442758358371308,0.07072020898314689,0.08605786132890048,3.210301831353187,1.9977301667676677,1.5786807865377806e-06,6.739079638719762,1
2830.0,0.005808905995810523,1.444335579111357,0.0707644721774742,0.08607716459311052,3.214217813703276,1.9977277370837847,1.5807312561117027e-06,8.426945631178455,1
2840.0,0.0058152609389687925,1.4459147230906848,0.07080873503045976,0.08609646770801635,3.218114240700783,1.9977253032872082,1.5827705729035824e-06,6.521781000316331,1
2850.0,0.005821623339186421,1.4474957800436876,0.07085299754260181,0.08611577067383923,3.2219912153033587,1.9977228628896444,1.5848410466217005e-06,7.483157540848547,1
2860.0,0.005827993158836417,1.4490787403226353,0.07089725971376752,0.08613507349052014,3.2258488337439575,1.9977204161952142,1.5869378210135871e-06,7.567788037879165,1
2870.0,0.005834370361249264,1.450663594525946,0.07094152154354268,0.08615437615787513,3.2296871895503063,1.9977179647518113,1.589036593663639e-06,7.2392367018320645,1
2880.0,0.0058407549089175845,1.4522503330364616,0.07098578303183771,0.08617367867586442,3.233506378688085,1.9977155086742295,1.5911364281459397e-06,7.325371069919184,1
2890.0,0.0058471467645362435,1.4538389462888806,0.07103004417856407,0.08619298104444867,3.237306496606009,1.9977130480743999,1.5932362946379043e-06,6.212206105774337,1
2900.0,0.005853545891002352,1.4554294247697563,0.0710743049836342,0.08621228326358897,3.241087638235831,1.9977105830613902,1.595335069920279e-06,7.916166580257046,1
2910.0,0.005859952251415264,1.4570217590174988,0.07111856544696159,0.0862315853332469,3.2448498979923426,1.9977081137414046,1.5974315373771396e-06,7.3730128521184755,1
2920.0,0.005866365809076584,1.4586159396223732,0.07116282556846072,0.08625088725338448,3.2485933697733707,1.9977056402177844,1.5995243869958944e-06,4.694152721471014,1
2930.0,0.005872786527490153,1.4602119572265009,0.07120708534804708,0.08627018902396415,3.2523181469597815,1.9977031625910076,1.6016122153672813e-06,6.34676406677297,1
2940.0,0.005879214370362065,1.461809802523859,0.07125134478563719,0.08628949064494881,3.256024322415477,1.9977006809586888,1.6036935256853694e-06,7.151374368307337,1
2950.0,0.005885649301600653,1.4634094662602797,0.07129560388114857,0.08630879211630187,3.259711988487397,1.9976981954155795,1.6057667277475591e-06,6.934412732070738,1
2960.0,0.005892091285316499,1.465010939233452,0.07133986263449978,0.08632809343798709,3.26338123700552,1.9976957060535678,1.607830137954581e-06,7.670135168668211,1
2970.0,0.005898540285822427,1.4666142122929198,0.07138412104561036,0.08634739460996878,3.2670321592828593,1.997693212961679,1.6098819793104969e-06,7.626758004378955,1
2980.0,0.005904996267633509,1.4682192763400832,0.07142837911440089,0.08636669563221161,3.2706648461154675,1.997690716226074,1.6119203814226992e-06,7.216881868159425,1
2990.0,0.005911459195467058,1.4698261223281988,0.07147263684079297,0.08638599650468078,3.274279387782434,1.997688215930052,1.6139433805019116e-06,9.299321843197227,1
3000.0,0.005917929034242636,1.4714347412623774,0.07151689422470918,0.08640529722734189,3.2778758740458858,1.9976857121540477,1.6159489193621885e-06,6.642541757274561,1
3010.0,0.005924405749082047,1.4730451241995868,0.07156115126607314,0.086424597800161,3.2814543941509866,1.9976832049756332,1.6179348474209147e-06,6.286968687476127,1
3020.0,0.00593088930530934,1.4746572622486498,0.07160540796480948,0.08644389822310464,3.285015036825938,1.9976806944695171,1.6198989206988063e-06,7.392332923566869,1
3030.0,0.005937379656951447,1.476271143621175,0.07164966432106068,0.08646319849623603,3.2885579199230848,1.9976781796640348,1.621923546493235e-06,6.23857413923919,1
3040.0,0.005943876773462258,1.4778867604850827,0.07169392033468315,0.08648249861949145,3.2920831215341244,1.9976756609662254,1.6239788400136912e-06,8.463536524091777,1
3050.0,0.0059503806248636885,1.479504105153955,0.07173817600552743,0.08650179859280448,3.2955907182909487,1.9976731388134576,1.6260321274653967e-06,8.3409406546503,1
3060.0,0.005956891176975702,1.48112316886375,0.07178243133352809,0.08652109841614604,3.299080797660881,1.9976706132405782,1.6280830984376933e-06,8.354700133466272,1
3070.0,0.005963408395810531,1.4827439428997247,0.07182668631862092,0.08654039808948763,3.302553446619991,1.9976680842786647,1.6301314226243966e-06,8.10151028420065,1
3080.0,0.00596993224757268,1.484366418596433,0.07187094096074294,0.08655969761280125,3.3060087516530934,1.9976655519550273,1.6321767498237968e-06,7.791093017207215,1
3090.0,0.005976462698658924,1.4859905873377277,0.07191519525983232,0.08657899698605943,3.3094467987537497,1.997663016293207,1.634218709938658e-06,7.4279618412185995,1
3100.0,0.005982999715658311,1.487616440556759,0.07195944921582847,0.08659829620923526,3.312867673424266,1.9976604773129771,1.6362569129762185e-06,6.765491526577876,1
3110.0,0.005989543265352159,1.4892439697359754,0.072003702828672,0.08661759528230233,3.3162714606756953,1.9976579350303427,1.638290949048191e-06,7.680418982838736,1
3120.0,0.005996093314714057,1.4908731664071233,0.0720479560983047,0.0866368942052348,3.3196582450278354,1.9976553894575397,1.6403203883707625e-06,7.858247726753259,1
3130.0,0.006002649830909865,1.4925040221512471,0.07209220902466958,0.08665619297800733,3.323028110509231,1.9976528406030365,1.6423447812645937e-06,7.404288071485182,1
3140.0,0.0060092127812977165,1.4941365285986892,0.07213646160771085,0.08667549160059514,3.3263811406571717,1.997650288471533,1.6443636581548202e-06,8.40520385525561,1
3150.0,0.006015782133428013,1.4957706774290898,0.07218071384737393,0.08669479007297397,3.329717418517694,1.9976477330639608,1.6463765295710513e-06,6.328286942491036,1
3160.0,0.00602235785504343,1.4974064603713872,0.07222496574360542,0.08671408839512011,3.333037026645578,1.997645174377483,1.6483828861473705e-06,6.396827212442581,1
3170.0,0.006028939914078913,1.499043869203818,0.07226921729635313,0.08673338656701035,3.3363400471043527,1.9976426124054945,1.650382198622336e-06,8.820653896690855,1
3180.0,0.006035528278661678,1.5006828957539158,0.0723134685055661,0.08675268458862206,3.3396265614662903,1.997640047137622,1.6523739178389796e-06,8.21018929098856,1
3190.0,0.006042122917111214,1.5023235318985133,0.07235771937119452,0.0867719824599331,3.34289665081241,1.997637478559724,1.6543574747448076e-06,7.356399774098114,1
3200.0,0.00604872379793928,1.503965769563741,0.07240196989318985,0.0867912801809219,3.3461503957324767,1.9976349066538899,1.6563322803918007e-06,6.8015190343352,1
3210.0,0.006055330869668679,1.5056095955512094,0.07244622007110932,0.08681057775139182,3.349387927645634,1.99763233297673,1.6583344078686078e-06,6.87398508842905,1
3220.0,0.006061944110974052,1.5072550043924962,0.07249046990509832,0.08682987517140743,3.3526093012929334,1.997629756738075,1.6603454550691959e-06,7.536078826264593,1
3230.0,0.006068563495628414,1.508901989362566,0.07253471939520367,0.08684917244098948,3.3558145838778897,1.9976271775423595,1.662356258790071e-06,7.051540353921957,1
3240.0,0.006075188992427765,1.510550542460442,0.07257896854137211,0.08686846956011432,3.35900385525821,1.9976245953945182,1.6643670317710904e-06,6.771488744021939,1
3250.0,0.00608182057034375,1.5122006557301833,0.07262321734355122,0.08688776652875865,3.362177194842625,1.9976220102970175,1.6663779970745905e-06,7.473852868099378,1
3260.0,0.006088458198523656,1.5138523212608848,0.07266746580168951,0.0869070633468996,3.365334681590888,1.9976194222498553,1.6683893880853867e-06,7.642305610605552,1
3270.0,0.006095101846290422,1.5155055311866767,0.07271171391573635,0.08692636001451465,3.3684763940137747,1.9976168312505622,1.670401448510773e-06,6.776827831754568,1
3280.0,0.00610175148314263,1.517160277686726,0.07275596168564195,0.0869456565315817,3.3716024101730855,1.9976142372941998,1.672414432380523e-06,7.828814981931695,1
3290.0,0.006108407078754509,1.5188165529852344,0.07280020911135746,0.08696495289807904,3.3747128076816417,1.9976116403733621,1.6744286040468888e-06,8.738354470844762,1
3300.0,0.006115068602975934,1.5204743493514412,0.07284445619283485,0.0869842491139853,3.3778076637032886,1.9976090404781748,1.6764442381846014e-06,6.931216959282584,1
3310.0,0.006121736025832428,1.52213365909962,0.07288870293002701,0.08700354517927959,3.380887054952894,1.9976064375962952,1.6784616197908716e-06,7.106268202119722,1
3320.0,0.0061284093175251585,1.5237944745890808,0.07293294932288767,0.08702284109394132,3.38395105769635,1.9976038317129128,1.6804810441853883e-06,6.433839404306543,1
3330.0,0.006135088448430938,1.5254567882241694,0.07297719537137147,0.08704213685795031,3.3869997477505702,1.9976012228107491,1.68250281701032e-06,7.83822324257077,1
3340.0,0.006141773389102228,1.527120592454268,0.0730214410754339,0.08706143247128684,3.3900332004834905,1.9975986108700567,1.6845272542303137e-06,7.438756751662135,1
3350.0,0.006148464110267136,1.5287858797737937,0.07306568643503134,0.08708072793393147,3.393051490814072,1.9975959958686211,1.686554682132496e-06,6.578516903866713,1
3360.0,0.006155160582829414,1.5304526427222003,0.07310993145012103,0.08710002324586523,3.3960546932122972,1.997593377781759,1.6885854373264721e-06,6.479915078652624,1
3370.0,0.00616186277786846,1.5321208738839769,0.07315417612066112,0.0871193184070695,3.3990428816991716,1.9975907565823188,1.6906198667443264e-06,6.790208546266707,1
3380.0,0.006168570666639322,1.5337905658886493,0.07319842044661062,0.08713861341752607,3.402016129846724,1.9975881322406812,1.692658327640622e-06,8.846824711872387,1
3390.0,0.00617528419783733,1.535461705582405,0.07324266442737763,0.0871579082769721,3.404974568497948,1.9975855069701423,1.694689803297748e-06,8.108067211947994,1
3400.0,0.0061820033569998,1.537134289256147,0.07328690806326103,0.08717720298554028,3.4079182349593147,1.997582879360299,1.6967216472843499e-06,6.770575860143959,1
3410.0,0.006188728118859322,1.538808310430918,0.07333115135429405,0.08719649754324534,3.410847193964998,1.9975802490827204,1.6987557252821189e-06,7.083081315008392,1
3420.0,0.006195458454879081,1.5404837617896316,0.0733753943004272,0.0872157919500653,3.4137615185464054,1.9975776161467464,1.7007921882510317e-06,7.606754342310027,1
3430.0,0.006202194336680998,1.5421606360559028,0.07341963690161146,0.08723508620597839,3.4166612813288975,1.9975749805609198,1.7028311890065312e-06,6.6240823751865,1
3440.0,0.006208935736045731,1.543838925994047,0.07346387915779828,0.08725438031096303,3.4195465545317854,1.9975723423329839,1.7048728822195256e-06,10.719586571077699,1
3450.0,0.006215682624912675,1.545518624409082,0.07350812106893959,0.08727367426499782,3.4224174099683333,1.9975697014698852,1.706917424416389e-06,7.835774942532955,1
3460.0,0.006222434975379962,1.547199724146725,0.07355236263498775,0.08729296806806165,3.4252739190457566,1.9975670579777713,1.7089649739789608e-06,8.471673576585559,1
3470.0,0.006229192759704461,1.5488822180933954,0.0735966038558956,0.08731226172013354,3.428116152765223,1.9975644118619917,1.7110156911445469e-06,6.25868187652092,1
3480.0,0.006235955950301779,1.5505660991762134,0.07364084473161647,0.08733155522119275,3.4309441817218507,1.997561763127098,1.713069738005918e-06,8.211464511380441,1
3490.0,0.006242724519746256,1.5522513603630002,0.07368508526210414,0.08735084857121872,3.433758076104712,1.9975591117768436,1.7151272785113114e-06,7.9630215028828895,1
3500.0,0.006249498440770975,1.5539379946622778,0.07372932544731284,0.08737014177019115,3.4365579056968296,1.9975564578141833,1.7171884784644294e-06,6.901925468780079,1
3510.0,0.006256277686267751,1.5556259951232694,0.07377356528719728,0.08738943481808988,3.439343739875178,1.9975538012412744,1.7192535055244402e-06,7.531716743964729,1
3520.0,0.006263062229287138,1.5573153548358993,0.07381780478171265,0.08740872771489501,3.4421156476106844,1.9975511420594756,1.7213225292059777e-06,7.402504574382878,1
3530.0,0.006269852043038426,1.559006066930793,0.0738620439308146,0.08742802046058681,3.444873697468227,1.9975484802693477,1.7233957208791419e-06,8.101534327201058,1
3540.0,0.006276647100889644,1.5606981245792768,0.0739062827344592,0.08744731305514582,3.447617957606637,1.9975458158706534,1.7254732537694976e-06,7.528653475367571,1
3550.0,0.006283447376367555,1.562391520993378,0.07395052119260309,0.08746660549855269,3.4503484957786963,1.9975431488623567,1.7275553029580763e-06,8.107673599469232,1
3560.0,0.006290252843157662,1.564086249425825,0.07399475930520326,0.08748589779078836,3.453065379331139,1.9975404792426243,1.7296420453813745e-06,7.096164378679581,1
3570.0,0.006297063453851052,1.5657822977211326,0.07403899707192915,0.087505189931706,3.455768729366747,1.9975378081072823,1.731721162605654e-06,8.347254455246576,1
3580.0,0.00630387919774849,1.567479663135502,0.07408323449294608,0.08752448192137903,3.4584585734348585,1.9975351346622425,1.7338018306484396e-06,6.382922306497427,1
3590.0,0.006310700049953895,1.5691783392853287,0.07412747156822529,0.08754377375979465,3.4611349752629263,1.9975324588545789,1.735884786044867e-06,8.165496401571687,1
3600.0,0.006317525984365864,1.5708783194779907,0.07417170829771995,0.08756306544693204,3.4637980016485463,1.9975297807010686,1.7379699650979834e-06,6.948446306452158,1
