time,sclerostin_bone,sclerostin_sensor,rankl_bone,opg_bone,osteocytes,osteoblasts,osteoclasts,biosensor_signal,detection_event
0.0,0.3005463117561676,0.025000000000000005,0.9853078714262712,3.7383078455701266,1.0,1.0,1.0,4.744721503717277,1
10.0,0.013259758218675895,2.898134565544593,0.07560205235301061,0.2913229688713543,1.0052233851653873,1.0475169309713501,0.9048422013156526,4.6619925077577395,1
20.0,0.011677845773550887,2.9145060818910826,0.034642740914386495,0.13608275056573116,1.010891456196976,1.093737165597581,0.8187351480534568,4.726845500175484,1
30.0,0.01167131084176844,2.915128934859557,0.03281231342462942,0.1291041398347103,1.0169810081954402,1.1377089593513243,0.7408222311511096,4.80883195652817,1
40.0,0.011673492307047012,2.9156684489375255,0.03274447924846012,0.12880352140887164,1.0234680150190083,1.1795362122516784,0.6703237074997515,4.825964353069033,1
50.0,0.011675742880762119,2.9162113232922895,0.0327563525222376,0.12880434553957226,1.030329628633371,1.2193234826246049,0.6065340054328703,4.677816359824301,1
60.0,0.011678013924915371,2.916758265453594,0.03277176721187283,0.12881804153594445,1.037544132527867,1.2571702610193978,0.5488146962255703,4.786822702636598,1
70.0,0.011680306123902771,2.9173094768874357,0.032787647756649684,0.12883298255809808,1.0450908865042867,1.293171185946608,0.4965881055122029,4.7341754789096075,1
80.0,0.011682619879635097,2.9178651496352637,0.03280373007711242,0.1288481933754054,1.0529502741001209,1.3274162803281353,0.44933153203306325,4.692488013286898,1
90.0,0.011684955682558982,2.9184254632118867,0.032819947424832484,0.12886344522103954,1.0611036525795505,1.35999117658366,0.40657201711648067,4.748625026101274,1
100.0,0.011687313977697558,2.9189905865231744,0.03283637187848353,0.1288790341766599,1.069533305350005,1.3909773307998077,0.3678816091833674,4.752702867082976,1
110.0,0.011689695226658114,2.91956067779601,0.03285293497045577,0.12889472266340457,1.078222396701397,1.4204522264477777,0.3328730794146647,4.72922282716582,1
120.0,0.01169209982049186,2.92013588597226,0.032869637080290434,0.12891053290372556,1.0871549287889855,1.4484895680038377,0.3011960518435414,4.6734884278500965,1
130.0,0.01169452814483933,2.9207163505551224,0.03288647463743049,0.1289264711392177,1.0963157006634552,1.4751594653576425,0.27253349184067593,4.719211852231045,1
140.0,0.011696980547367434,2.9213022024075355,0.03290344039714998,0.12894252872553985,1.1056902693489064,1.5005286090043761,0.24659853768046006,4.7795196591389955,1
150.0,0.011699457360126736,2.9218935639785446,0.03292053272105816,0.12895871734394707,1.1152649128015717,1.5246604367735654,0.22313163013348164,4.689178618749174,1
160.0,0.011701958886662636,2.9224905498618767,0.03293774699779933,0.1289750365385951,1.125026594530024,1.5476152930808416,0.20189789363872793,4.7323194479397666,1
170.0,0.011704485406228137,2.923093267159176,0.032955071422285806,0.1289914577661115,1.1349629302147146,1.5694505791825013,0.18268480849516772,4.840889261895072,1
180.0,0.011707037181131941,2.923701815792341,0.032972500847974456,0.12900797692322977,1.14506215593368,1.5902208962020954,0.16530009841429574,4.771690963966471,1
190.0,0.01170961445184466,2.9243162889214105,0.032990032258290884,0.129024597226254,1.1553130977738602,1.6099781819214947,0.1495697950097611,4.792876713256351,1
200.0,0.011712217439422055,2.9249367732678446,0.03300765950808528,0.12904130932238442,1.1657051432034333,1.6287718396471558,0.13533652316645495,4.781796553953803,1
210.0,0.011714846347605766,2.925563349442856,0.033025381203169876,0.12905812118239768,1.1762282122944472,1.646648867750051,0.12245775906645219,4.785386128623399,1
220.0,0.011717501362636001,2.9261960922532957,0.033043191297578,0.12907502250476774,1.1868727326696575,1.6636539724460784,0.11080454350840396,4.702052023618945,1
230.0,0.01172018265376616,2.9268350709930457,0.03306108377016444,0.1290920024666754,1.1976296150630328,1.6798296778148412,0.10026023952351527,4.719693721344375,1
240.0,0.011722890375199127,2.9274803497134525,0.03307905474288726,0.1291090577806558,1.2084902294347986,1.6952164333228832,0.090719326408598,4.761062860985138,1
250.0,0.01172562466635202,2.9281319874957026,0.03309710052178197,0.1291261853004842,1.2194463823003714,1.7098527158841978,0.08208632717546405,4.731735086149279,1
260.0,0.01172838565290547,2.9287900386975063,0.033115218273230544,0.12914338461052946,1.2304902955252262,1.7237751253237483,0.07427486401715376,4.753589210147834,1
270.0,0.011731173447059498,2.929454553199529,0.03313340429316139,0.12916065149368997,1.2416145857927727,1.737018476812285,0.06720676410715198,4.727375944662255,1
280.0,0.01173398814842193,2.930125576630215,0.03315165505262744,0.1291779819176384,1.2528122453283352,1.749615887648456,0.06081128986256824,4.716232798592851,1
290.0,0.011736829844715595,2.930803150582875,0.03316996725594185,0.12919537227857913,1.2640766234070298,1.761598860513193,0.05502442234864099,4.7957035342604755,1
300.0,0.01173969861239614,2.931487312821508,0.033188338003165195,0.12921282003913256,1.2754014088614303,1.7729973622248258,0.04978822945461139,4.729406195678721,1
310.0,0.011742594517208601,2.932178097471909,0.03320676463669092,0.1292303231676459,1.2867806138483966,1.783839896827657,0.04505031763632635,4.714643937977909,1
320.0,0.011745517614675668,2.9328755352126654,0.03322524433211044,0.1292478786084783,1.2982085576815054,1.794153578385267,0.040763274865189596,4.758528038092619,1
330.0,0.011748467950707967,2.933579653449955,0.03324377446278997,0.1292654836823744,1.3096798518941977,1.8039641982353043,0.03688420532119207,4.680479760995322,1
340.0,0.01175144556209815,2.934290476494259,0.03326235244571296,0.1292831355213936,1.321189385241035,1.8132962925227811,0.03337425569493912,4.820486501431437,1
350.0,0.011754450477005894,2.935008025705398,0.03328097608239971,0.12930083237641055,1.3327323113096616,1.8221731979844875,0.03019830907890287,4.760560323893258,1
360.0,0.011757482715366894,2.9357323196525544,0.03329964315322611,0.12931857209717237,1.3443040349640383,1.8306171129929651,0.02732459429369862,4.7816008345885,1
370.0,0.011760542289361249,2.9364633742610526,0.03331835146162806,0.12933635231568846,1.3559001998265776,1.838649153925112,0.024724354530307063,4.775044314134191,1
380.0,0.011763629203841176,2.9372012029496823,0.03333709899160411,0.1293541710578849,1.3675166765716062,1.8462894078795684,0.02237156089954128,4.744066696715251,1
390.0,0.011766743456700719,2.9379458167600236,0.03335588386083071,0.12937202657992664,1.3791495519233845,1.8535569822233622,0.020242662490827058,4.711904203816923,1
400.0,0.011769885039244355,2.9386972244804013,0.03337470423583942,0.12938991706022754,1.3907951180967044,1.8604700521467803,0.01831635398140012,4.7341260017853015,1
410.0,0.01177305393655125,2.9394554327648783,0.03339355835968369,0.12940784071716965,1.4024498626490138,1.8670459063662006,0.016573358517455807,4.790125811718333,1
420.0,0.011776250127812814,2.9402204462463386,0.033412444583795456,0.12942579594205428,1.414110458840048,1.8733009905429543,0.014996231777128232,4.803326129806659,1
430.0,0.011779473586649096,2.9409922676434377,0.03343136134625454,0.1294437812283442,1.425773756513056,1.879250948354795,0.01356918823520253,4.767305554725332,1
440.0,0.011782724281413548,2.941770897862056,0.03345030714641729,0.12946179508652636,1.4374367734376385,1.8849106604899284,0.01227794516609864,4.685314028758378,1
450.0,0.011786002175483918,2.9425563360920317,0.03346928055613173,0.12947983609709582,1.449096687051819,1.8902942818443038,0.011109579844584315,4.805784938865853,1
460.0,0.011789307227536686,2.9433485798993475,0.033488280225728057,0.12949790294325147,1.4607508265917564,1.8954152769743409,0.010052399258348728,4.736418687553361,1
470.0,0.01179263939180853,2.9441476253136845,0.033507304869956636,0.12951599436711525,1.4723966656125356,1.900286453789613,0.009095822712944701,4.733454660285383,1
480.0,0.011795998618345672,2.9449534669115445,0.03352635326129748,0.12953410915340685,1.4840318148837577,1.904919995558739,0.008230276292883967,4.76790168668313,1
490.0,0.011799384853240013,2.9457660978952864,0.033545424233926376,0.1295522461530567,1.4956540156316518,1.909327491355757,0.007447097333318914,4.8159705388366625,1
500.0,0.011802798038853497,2.9465855101683283,0.033564516681470015,0.12957040428287336,1.5072611331063148,1.9135199650432246,0.006738447634742544,4.62470481067938,1
510.0,0.011806238114032018,2.9474116944066497,0.033583629549902086,0.12958858250640223,1.518851150461692,1.917507902847815,0.006097234846173806,4.740902864601155,1
520.0,0.011809705014308579,2.948244640126745,0.033602761835338314,0.12960677983296523,1.5304221629362995,1.921301279582383,0.005517041473769865,4.729252770509261,1
530.0,0.011813198672096056,2.94908433575021,0.03362191258404309,0.12962499532471808,1.5419723723193486,1.9249095835835528,0.004992060733731546,4.762434203898025,1
540.0,0.011816719016870576,2.949930768665144,0.03364108088933187,0.12964322809160306,1.553500081686553,1.9283418404355466,0.004517038465567903,4.744689641452301,1
550.0,0.011820265975345925,2.9507839252845285,0.0336602658879352,0.1296614772839367,1.565003690392238,1.9316066355404813,0.004087220515755821,4.803692262249913,1
560.0,0.011823839471639166,2.9516437911017106,0.033679466758493315,0.12967974209275998,1.5764816893060463,1.9347121355877939,0.0036983051325413904,4.877477249314951,1
570.0,0.011827439427428015,2.9525103507431454,0.033698682720191525,0.12969802175042602,1.5879326562826774,1.9376661089748555,0.003346399920468916,4.8325335580000655,1
580.0,0.011831065762100445,2.9533835880185246,0.03371791303032269,0.12971631552684168,1.599355251853014,1.9404759452311549,0.0030279828985055033,4.723616576841244,1
590.0,0.011834718392896827,2.954263485968418,0.033737156982119515,0.1297346227264642,1.610748215125579,1.943148673495827,0.0027398672518246722,4.805606014547568,1
600.0,0.011838397235044956,2.9551500269095534,0.033756413903302925,0.1297529426877577,1.6221103598881101,1.945690980094479,0.0024791694304273216,4.7949576569681005,1
610.0,0.011842102201888327,2.956043192477844,0.033775683154515145,0.12977127478196882,1.6334405709009732,1.9481092252525725,0.002243280307344324,4.770452796003711,1
620.0,0.01184583320500809,2.9569429636692894,0.03379496412755477,0.12978961841092548,1.6447378003693631,1.9504094590040828,0.0020298390462681836,4.757942392699876,1
630.0,0.011849590154336558,2.9578493208780885,0.033814256243864305,0.1298079730054904,1.6560010646532606,1.9525974360300304,0.0018367103782468478,4.729828624389097,1
640.0,0.011853372958271786,2.958762243935083,0.03383355895300428,0.12982633802400073,1.667229440948282,1.9546786306280148,0.0016619613656975404,4.771590474774802,1
650.0,0.011857181523781379,2.9596817121426193,0.03385287173144,0.12984471295150568,1.6784220642706567,1.9566582503128604,0.0015038423887288577,4.7416269310195105,1
660.0,0.011861015756496928,2.960607704306292,0.03387219408122126,0.12986309729826415,1.689578124706834,1.9585412482261397,0.00136077149617318,4.811635550378903,1
670.0,0.01186487556081886,2.9615401987701433,0.033891525528557016,0.12988149059821524,1.7006968643695572,1.9603323368668868,0.0012313145658843735,4.747213410836555,1
680.0,0.011868760839992727,2.9624791734423472,0.033910865622837835,0.1298998924081224,1.7117775751608728,1.9620359981902415,0.0011141761746714153,4.795607401135654,1
690.0,0.011872671496198516,2.963424605825241,0.03393021393542751,0.12991830230630932,1.7228195961671644,1.9636564953622948,0.0010081846379753855,4.809422118435551,1
700.0,0.01187660743063484,2.9643764730436337,0.033949570058570196,0.12993671989164932,1.7338223111995141,1.965197883860827,0.0009122792815940413,4.716055138444289,1
710.0,0.0118805685435935,2.9653347518699147,0.03396893360440314,0.12995514478260986,1.7447851466058624,1.966664021352597,0.0008255004442382873,4.765482310059694,1
720.0,0.011884554734531507,2.966299418748311,0.03398830420399241,0.1299735766162922,1.7557075691555892,1.9680585772445907,0.0007469799269621996,4.7085985245519035,1
730.0,0.011888565902142009,2.967270449818776,0.03400768150637669,0.12999201504746233,1.766589083955123,1.9693850420956092,0.0006759318747875156,4.736600817848246,1
740.0,0.01189260194442124,2.968247820939558,0.034027065177675196,0.13001045974768252,1.7774292324754766,1.9706467365240272,0.0006116445952862926,4.778965241939851,1
750.0,0.01189666275872548,2.96923150770643,0.034046454900319656,0.13002891040455328,1.7882275908634706,1.9718468188384972,0.0005534749247460138,4.72708266603569,1
760.0,0.011900748241832852,2.9702214854735343,0.03406585037223317,0.13004736672092748,1.7989837681159804,1.9729882932852159,0.0005008408995934464,4.648378199271853,1
770.0,0.011904858290002294,2.9712177293732838,0.034085251306031905,0.13006582841411043,1.8096974043335505,1.9740740179379432,0.0004532154516898155,4.827276426108371,1
780.0,0.011908992799021438,2.972220214332563,0.03410465742837654,0.13008429521522716,1.8203681692892864,1.9751067111686835,0.00041012214473271823,4.8030678638176205,1
790.0,0.011913151664259346,2.97322891509055,0.03412406847925475,0.13010276686850428,1.8309957608592349,1.9760889587418753,0.000371129898906001,4.713056506639864,1
800.0,0.011917334780717086,2.9742438062158176,0.03414348421129915,0.13012124313060763,1.8415799035144926,1.977023220630729,0.00033584816924895326,4.739894275823084,1
810.0,0.011921542043068835,2.9752648621202664,0.03416290438922332,0.1301397237700865,1.8521203470820784,1.9779118366235613,0.00030392389150429074,4.670843983879004,1
820.0,0.011925773345706072,2.9762920570741,0.03418232878922007,0.13015820856678606,1.8626168654177115,1.9787570323266954,0.0002750376862945705,4.740738338927132,1
830.0,0.011930028582780595,2.977325365220398,0.034201757198371666,0.13017669731126266,1.8730692551125543,1.9795609250144557,0.00024890030560233904,4.763874513434855,1
840.0,0.011934307648240617,2.978364760587383,0.03422118941415069,0.13019518980429315,1.8834773343958209,1.9803255285973203,0.0002252501867138264,4.779010246909237,1
850.0,0.011938610435867586,2.9794102171009316,0.03424062524391076,0.13021368585637222,1.8938409420171005,1.9810527586813504,0.00020385073506401996,4.8137236111417625,1
860.0,0.011942936839312517,2.980461708596913,0.03426006450438545,0.13023218528722236,1.9041599361428285,1.9817444375639302,0.00018448774343364459,4.653229891364514,1
870.0,0.01194728675212815,2.9815192088321463,0.03427950702123926,0.1302506879253516,1.9144341933707296,1.9824022986983199,0.0001669673583619074,4.8284086924026814,1
880.0,0.011951660067798981,2.982582691494635,0.03429895262864691,0.1302691936076403,1.924663607805576,1.9830279908820987,0.00015111428947289302,4.768522489490438,1
890.0,0.011956056679771874,2.9836521302140055,0.03431840116886378,0.13028770217891691,1.9348480901174434,1.9836230825243906,0.00013676989625395077,4.705327264911209,1
900.0,0.011960476481484896,2.984727498571347,0.03433785249182048,0.13030621349155994,1.9449875666512864,1.9841890656820125,0.00012379052425508604,4.738952618609898,1
910.0,0.011964919366391453,2.985808770107479,0.03435730645477733,0.13032472740515752,1.955081978670013,1.9847273594944463,0.00011204632180836148,4.745923244315618,1
920.0,0.0119693852279864,2.98689591833189,0.0343767629219539,0.13034324378614415,1.965131281540928,1.9852393138737818,0.00010141979829137091,4.78933629880669,1
930.0,0.011973873959831205,2.987988916731344,0.03439622176417048,0.13036176250744716,1.9751354439500524,1.9857262130691553,9.180451691787147e-05,4.731696830582621,1
940.0,0.011978385455573835,2.9890877387767327,0.03441568285855756,0.13038028344820152,1.9850944472659575,1.9861892785578155,8.310427317216888e-05,4.726195816150427,1
950.0,0.011982919608970907,2.9901923579306877,0.034435146088235946,0.13039880649343433,1.995008284839273,1.9866296722258572,7.52320266931303e-05,4.79054644960465,1
960.0,0.0119874763139089,2.991302747654865,0.03445461134200957,0.13041733153376325,2.0048769613296407,1.9870484994253534,6.810893459416231e-05,4.745867567952881,1
970.0,0.011992055464421314,2.9924188814158934,0.03447407851410995,0.13043585846514502,2.0147004921470595,1.987446811516252,6.166371648226552e-05,4.753026986067976,1
980.0,0.011996656954706983,2.993540732691692,0.03449354750392641,0.13045438718861013,2.024478902861555,1.9878256085509172,5.5831891365586554e-05,4.785690514547733,1
990.0,0.012001280679147876,2.9946682749776254,0.03451301821574249,0.13047291761000335,2.0342122286267417,1.9881858418960738,5.055506594028892e-05,4.69987958014705,1
1000.0,0.01200592653232354,2.9958014817915366,0.03453249055851579,0.13049144963976728,2.0439005136992434,1.9885284164229493,4.5780456543807315e-05,4.758595207449075,1
1010.0,0.012010594409024876,2.9969403266785477,0.034551964445666855,0.13050998319273474,2.0535438109781734,1.9888541926069994,4.1460432373953914e-05,4.762186818729769,1
1020.0,0.012015284204276321,2.9980847832186854,0.034571439794758775,0.13052851818781347,2.0631421813029607,1.9891639897163353,3.7551523465338154e-05,4.80722670946446,1
1030.0,0.012019995813332565,2.9992348250259746,0.03459091652750704,0.13054705454799587,2.07269569348079,1.9894585857130396,3.401504461720136e-05,4.758999837065942,1
1040.0,0.012024729131718743,3.000390425762088,0.03461039456922576,0.13056559219981428,2.0822044230692045,1.9897387227628631,3.0814974910351585e-05,4.804573848412765,1
1050.0,0.012029484055207606,3.0015515591289015,0.03462987384909085,0.13058413107359984,2.0916684529628786,1.9900051046164042,2.791974826528673e-05,4.734689645819579,1
1060.0,0.012034260479863616,3.0027181988834477,0.03464935429953577,0.1306026711028881,2.101087872064782,1.9902584026210193,2.5299944125194473e-05,4.7534793307216825,1
1070.0,0.012039058302030314,3.003890318833883,0.03466883585638267,0.13062121222454803,2.1104627755812904,1.9904992544157998,2.2929352194679853e-05,4.697494405310044,1
1080.0,0.012043877418346907,3.005067892845236,0.034688318458594755,0.13063975437853842,2.119793264480895,1.9907282663952501,2.078435602900817e-05,4.753575628499023,1
1090.0,0.012048717725763804,3.006250894844802,0.034707802048042184,0.1306582975076776,2.12907944498272,1.9909460160384174,1.884330444220713e-05,4.7820523471953695,1
1100.0,0.012053579121538092,3.0074392988208247,0.03472728656952861,0.13067684155766954,2.1383214286206114,1.9911530516445144,1.708700238072024e-05,4.756365604200865,1
1110.0,0.012058461503257463,3.008633078830697,0.03474677197044795,0.1306953864767662,2.147519331490815,1.9913498957477074,1.5497764388373826e-05,4.7246032598639545,1
1120.0,0.012063364768832631,3.0098322089986205,0.03476625820085127,0.13071393221583338,2.15667327440492,1.9915370444515996,1.405984830018925e-05,4.73366643663451,1
1130.0,0.012068288816519758,3.011036663523301,0.03478574521312245,0.13073247872803168,2.165783382179402,1.9917149706559607,1.2758750960772246e-05,4.755613705401656,1
1140.0,0.012073233544911218,3.0122464166750533,0.03480523296206742,0.13075102596890412,2.174849783837719,1.9918841231691033,1.1581610754242343e-05,4.764041801716188,1
1150.0,0.012078198852958763,3.013461442803751,0.03482472140457967,0.13076957389604735,2.183872611877626,1.9920449300350274,1.051647517179432e-05,4.743411524207281,1
1160.0,0.012083184639962965,3.0146817163354767,0.03484421049974704,0.1307881224692165,2.1928520025119154,1.9921977974714826,9.55279369997514e-06,4.683132566951815,1
1170.0,0.01208819080559156,3.0159072117788637,0.034863700208580296,0.1308066716500583,2.2017880950747872,1.9923431125701567,8.68083049769172e-06,4.836407650718645,1
1180.0,0.012093217249876788,3.0171379037243926,0.03488319049401668,0.13082522140211453,2.210681032034986,1.9924812432608057,7.891848054139853e-06,4.78991299705121,1
1190.0,0.012098263873221476,3.0183737668466195,0.034902681320809016,0.13084377169071293,2.219530958756178,1.9926125394152427,7.177985988111211e-06,4.868090106637303,1
1200.0,0.012103330576406994,3.0196147759070313,0.034922172655390334,0.13086232248283403,2.228338023203613,1.9927373341933985,6.532044373024582e-06,4.7652061446666965,1
1210.0,0.012108417260590509,3.0208609057533087,0.03494166446587919,0.13088087374711638,2.2371023759607818,1.9928559439912732,5.947621161455942e-06,4.78824969578983,1
1220.0,0.012113523827317263,3.02211213132364,0.034961156721886884,0.13089942545366695,2.2458241698096186,1.9929686703577194,5.418821663921225e-06,4.740419226724097,1
1230.0,0.012118650178514604,3.023368427644896,0.03498064939456598,0.13091797757410883,2.2545035598423118,1.9930757995125536,4.940406327582532e-06,4.81275322169578,1
1240.0,0.012123796216504884,3.0246297698371536,0.035000142456408936,0.13093653008138317,2.263140703022529,1.9931776043494462,4.507539808557656e-06,4.80096526555261,1
1250.0,0.012128961843993716,3.0258961331099203,0.035019635881374064,0.130955082949873,2.2717357584679063,1.99327434318305,4.116042129289183e-06,4.851296997917808,1
1260.0,0.012134146964093142,3.027167492770123,0.035039129644546724,0.13097363615507004,2.280288886708481,1.9933662631192017,3.7619129372708656e-06,4.813116946271819,1
1270.0,0.012139351480315596,3.028443824220254,0.035058623722189666,0.1309921896736243,2.288800249802466,1.9934535995545508,3.4414707126522413e-06,4.775664425326045,1
1280.0,0.012144575296556381,3.0297251029526517,0.03507811809194651,0.13101074348354397,2.2972700117896,1.9935365741519024,3.151740874282043e-06,4.766758289396672,1
1290.0,0.012149818317124835,3.031011304560176,0.03509761273239615,0.1310292975637573,2.3056983377141846,1.9936153992734695,2.8898021852455985e-06,4.737433883671994,1
1300.0,0.012155080446746904,3.032302404737263,0.03511710762298822,0.13104785189404916,2.314085393487918,1.9936902786224426,2.652744456994946e-06,4.725174495713678,1
1310.0,0.012160361590540333,3.033598379271744,0.03513660274434433,0.13106640645535722,2.322431346558389,1.9937614042465248,2.438188679125054e-06,4.8079919059492955,1
1320.0,0.01216566165401222,3.034899204044197,0.03515609807826103,0.13108496122977492,2.3307363659204796,1.993828956508421,2.244338475403205e-06,4.7897195117090705,1
1330.0,0.012170980543114189,3.036204855046729,0.035175593606942175,0.13110351619979643,2.339000620430219,1.9938931117224095,2.06888193308276e-06,4.772186504358763,1
1340.0,0.01217631816419719,3.0375153083679187,0.03519508931357346,0.13112207134888165,2.347224280075304,1.993954036438693,1.90989679260258e-06,4.896731425114215,1
1350.0,0.012181674423988086,3.038830540185085,0.03521458518260855,0.13114062666173779,2.3554075166098936,1.9940118845964965,1.7662262312194494e-06,4.798506434358194,1
1360.0,0.01218704922966435,3.0401505267896844,0.03523408119873443,0.13115918212330158,2.3635505012809976,1.9940668078180543,1.636183967017245e-06,4.804663687604869,1
1370.0,0.012192442488804812,3.041475244570862,0.03525357734750429,0.1311777377193618,2.371653406227107,1.994118949111414,1.5184102253668005e-06,4.7268909323344515,1
1380.0,0.012197854109385328,3.042804670014148,0.03527307361536985,0.13119629343659123,2.3797164045533883,1.994168442549525,1.4118477605013925e-06,4.7648108488084695,1
1390.0,0.012203283999803274,3.0441387797099333,0.03529256998931707,0.13121484926218802,2.3877396695353026,1.9942154168939565,1.3154467337335523e-06,4.6784184110362395,1
1400.0,0.012208732068872418,3.0454775503519125,0.035312066456906606,0.13123340518391574,2.3957233747122393,1.9942599951925981,1.2282181746637312e-06,4.772675077908525,1
1410.0,0.012214198225813268,3.046820958733976,0.035331563006378595,0.1312519611902063,2.4036676941223454,1.9943022937371884,1.149311421787097e-06,4.826574272608417,1
1420.0,0.012219682380255267,3.0481689817511284,0.035351059626593385,0.13127051727010175,2.4115728021768783,1.9943424226526307,1.0779748181423926e-06,4.767581651157735,1
1430.0,0.012225184442249536,3.0495215964040168,0.03537055630682327,0.13128907341304935,2.4194388732075187,1.9943804879693114,1.013467736150387e-06,4.816024970125355,1
1440.0,0.01223070432225694,3.050878779795029,0.03539005303689118,0.13130762960903802,2.4272660817752905,1.99441659024334,9.551259378901583e-07,4.844166536126023,1
1450.0,0.012236241931140156,3.0522405091257667,0.03540954980725319,0.13132618584867944,2.435054602856275,1.9944508237351817,9.024389700459453e-07,4.847601382780316,1
1460.0,0.01224179718018712,3.0536067617052174,0.035429046608639506,0.13134474212285502,2.442804611058048,1.9944832799818681,8.548145939255194e-07,4.7632988481022664,1
1470.0,0.012247369981094804,3.054977514944402,0.035448543432253406,0.13136329842291147,2.45051628106091,1.9945140458174249,8.117251322290501e-07,4.763480678193966,1
1480.0,0.012252960245960332,3.0563527463535105,0.035468040269867114,0.13138185474075523,2.458189787832785,1.994543202419429,7.728096930677039e-07,4.777821569841465,1
1490.0,0.012258567887299433,3.0577324335483813,0.03548753711353321,0.13140041106856848,2.4658253060004065,1.9945708281794867,7.376497550770364e-07,4.687855371776718,1
1500.0,0.01226419281803906,3.0591165542481535,0.03550703395565918,0.13141896739888254,2.4734230100173424,1.9945969979621794,7.058456101253244e-07,4.800427437400916,1
1510.0,0.012269834951509578,3.060505086272771,0.03552653078908966,0.13143752372465872,2.480983074348945,1.9946217822862815,6.770836968306047e-07,4.772739847315191,1
1520.0,0.01227549420144638,3.0618980075437117,0.03554602760705418,0.13145608003923695,2.4885056733620976,1.994645247845045,6.511093950695578e-07,4.856997957076467,1
1530.0,0.012281170481999582,3.0632952960874813,0.035565524402999565,0.13147463633617099,2.495990980962328,1.9946674591731883,6.276303605578644e-07,4.761798676378143,1
1540.0,0.01228686370772242,3.064696930031814,0.035585021170727274,0.1314931926093633,2.5034391708991532,1.9946884772808782,6.064062470481687e-07,4.723172544062923,1
1550.0,0.012292573793567201,3.0661028876044343,0.03560451790442617,0.13151174885309755,2.510850416841816,1.9947083593274524,5.872422988543118e-07,4.733092322248296,1
1560.0,0.012298300654898018,3.0675131471376402,0.03562401459845308,0.1315303050618226,2.518224891903921,1.9947271608047195,5.699382668599078e-07,4.748165699096745,1
1570.0,0.01230404420748032,3.0689276870648716,0.03564351124745887,0.13154886123027648,2.525562768923337,1.9947449342825494,5.543196785014661e-07,4.738980053389043,1
1580.0,0.012309804367470763,3.070346485917306,0.03566300784652054,0.13156741735361654,2.5328642207538397,1.9947617280946268,5.402471211878582e-07,4.826952168927017,1
1590.0,0.012315581051437948,3.071769522331337,0.03568250439078377,0.1315859734270676,2.5401294194906745,1.9947775898947355,5.275750668411003e-07,4.773496687535589,1
1600.0,0.012321374176350418,3.0731967750445324,0.03570200087562226,0.13160452944607876,2.547358536821789,1.9947925650715557,5.16168676989995e-07,4.855060106884529,1
1610.0,0.012327183659576248,3.0746282228956745,0.035721497296613836,0.13162308540629997,2.5545517439800083,1.9948066969861569,5.059000533276682e-07,4.887715621896178,1
1620.0,0.01233300941888334,3.0760638448250446,0.035740993649505656,0.1316416413035477,2.5617092116713622,1.9948200273184058,4.966432600160299e-07,4.799744758006976,1
1630.0,0.012338851372423285,3.0775036198689167,0.03576048993044133,0.13166019713402846,2.568831110573643,1.994832593807167,4.883236817212565e-07,4.806787465863328,1
1640.0,0.012344709438664581,3.078947527136197,0.0357799861369953,0.13167875289535635,2.575917613591919,1.9948444199600466,4.811393721301311e-07,4.920920831190583,1
1650.0,0.012350583536603739,3.080395545883029,0.03579948226477669,0.13169730858321202,2.5829688884706785,1.9948555488396496,4.74838403466836e-07,4.736471452588197,1
1660.0,0.012356473585582282,3.081847655448464,0.035818978310316815,0.13171586419418332,2.589985104082901,1.9948660143373453,4.6933506355972e-07,4.760352961215235,1
1670.0,0.012362379505337744,3.083303835272617,0.035838474270225754,0.13173441972493558,2.596966428598352,1.994875849564273,4.645311025475058e-07,4.808820418476568,1
1680.0,0.012368301216003368,3.08476406489675,0.03585797014116685,0.1317529751721865,2.603913029432314,1.9948850871046087,4.6031126785689253e-07,4.763775464063927,1
1690.0,0.012374238638107804,3.0862283239633417,0.03587746591983129,0.13177153053268123,2.6108250731943135,1.99489375926883,4.5653883918015767e-07,4.711559721086417,1
1700.0,0.012380191692574804,3.087696592216169,0.0358969616029126,0.13179008580316712,2.6177027256368524,1.9949018983469833,4.530511634527599e-07,4.739919267322273,1
1710.0,0.012386160300722919,3.089168849500377,0.035916457187081245,0.13180864098036887,2.6245461516041364,1.9949095368619487,4.4965518983094126e-07,4.779454335498307,1
1720.0,0.012392144384134015,3.090645075716317,0.03593595267104922,0.13182719606301962,2.6313555195303238,1.9949166870294557,4.4660003693649785e-07,4.819618923363649,1
1730.0,0.0123981438647513,3.092125250854283,0.03595544805397793,0.13184575105029459,2.6381309979779983,1.9949233565976812,4.442149510737822e-07,4.719301434822509,1
1740.0,0.012404158665117168,3.0936093550785317,0.03597494333165845,0.13186430593805332,2.6448727473280864,1.9949295868468104,4.420388774516779e-07,4.767546153849792,1
1750.0,0.012410188708045297,3.0950973686118854,0.0359944385017055,0.13188286072394942,2.6515809310894647,1.9949354009182327,4.4000722102201773e-07,4.788499406684223,1
1760.0,0.012416233916728405,3.096589271773893,0.036013933561810416,0.1319014154057119,2.6582557121005808,1.994940821193708,4.3805448435827376e-07,4.711327394455979,1
1770.0,0.012422294214736848,3.098085044980521,0.03603342850973317,0.13191996998113725,2.6648972525160817,1.9949458693753992,4.361137769037574e-07,4.8154233005235625,1
1780.0,0.012428369525968281,3.0995846687262696,0.036052923344127616,0.13193852444890122,2.6715057155999693,1.994950558275808,4.342730585731856e-07,4.7378925556145415,1
1790.0,0.01243445977468921,3.1010881235992875,0.03607241806380218,0.13195707880783156,2.6780812641269693,1.9949548991725636,4.326371108767688e-07,4.816038368882985,1
1800.0,0.012440564885605332,3.102595390306814,0.036091912666490554,0.13197563305569898,2.684624057721565,1.9949589140382213,4.310973401152893e-07,4.847644092565883,1
1810.0,0.012446684783754741,3.1041064496370305,0.03611140715063803,0.1319941871909741,2.6911342567346783,1.9949626177689443,4.296687880678828e-07,4.821499136500336,1
1820.0,0.012452819394541391,3.1056212824712652,0.036130901514800036,0.1320127412122359,2.69761202094385,1.9949660241680267,4.28378028568453e-07,4.781533444575161,1
1830.0,0.012458968643733352,3.107139869783558,0.03615039575763998,0.13203129511816958,2.7040575095525665,1.9949691459676893,4.272637778092899e-07,4.890167323109846,1
1840.0,0.012465132457490664,3.1086621926500366,0.036169889877559216,0.13204984890720248,2.7104708803747912,1.9949719985099885,4.2623980901887717e-07,4.777934325675131,1
1850.0,0.012471310762332936,3.110188232238319,0.036189383873076034,0.13206840257787708,2.7168522906786996,1.9949745959764762,4.2523826406002374e-07,4.706148402093139,1
1860.0,0.012477503485105288,3.1117179697963797,0.03620887774322498,0.13208695612924362,2.7232018980754056,1.9949769474157728,4.2436056963299124e-07,4.820717630274826,1
1870.0,0.012483710553031274,3.11325138667022,0.03622837148687544,0.1321055095601899,2.729519859013674,1.9949790635224025,4.236237744635914e-07,4.841866776469208,1
1880.0,0.012489931893692546,3.11478846429728,0.036247865102960415,0.13212406286966633,2.7358063292909396,1.9949809543606136,4.230476342542226e-07,4.688794658836776,1
1890.0,0.012496167435027312,3.1163291842060694,0.036267358590472074,0.13214261605668143,2.742061464047475,1.9949826294093274,4.226543507426217e-07,4.7360361454861115,1
1900.0,0.012502417105352943,3.117873528023688,0.036286851948175686,0.13216116912002066,2.7482854171336935,1.994984100407321,4.223783682311726e-07,4.810780758157276,1
1910.0,0.012508680833335837,3.1194214774661178,0.03630634517493814,0.13217972205856932,2.754478341845917,1.9949853780854003,4.2217251766687163e-07,4.835789536982697,1
1920.0,0.012514958547971688,3.1209730143319128,0.036325838269935,0.13219827487151642,2.760640391391842,1.994986470106062,4.220753766452163e-07,4.907084818605272,1
1930.0,0.012521250178621981,3.1225281205142617,0.036345331232202974,0.13221682755791436,2.7667717178979814,1.9949873855161635,4.2206943411170335e-07,4.79173999888942,1
1940.0,0.012527555654999033,3.1240867779962316,0.03636482406079144,0.132235380116828,2.7728724727513945,1.9949881332393062,4.2213069717604137e-07,4.787333293015424,1
1950.0,0.012533874907164594,3.1256489688504505,0.036384316754756264,0.13225393254732856,2.778942806590189,1.9949887221371545,4.2222790428227575e-07,4.853817517079745,1
1960.0,0.01254020786550973,3.127214675231653,0.0364038093135404,0.13227248484886808,2.784982870123695,1.9949891572232303,4.224118580346813e-07,4.770843594342953,1
1970.0,0.012546554460778011,3.1287838793857303,0.03642330173645896,0.13229103702077277,2.790992813031516,1.9949894447857421,4.2269608385729245e-07,4.801229307148229,1
1980.0,0.012552914624072434,3.1303565636525854,0.036442794022520514,0.1323095890620674,2.796972783583944,1.9949895941651419,4.230158442088742e-07,4.71707660314335,1
1990.0,0.012559288286829161,3.131932710456331,0.03646228617093528,0.132328140971975,2.80292292973588,1.9949896126984505,4.233472058143854e-07,4.891281997007597,1
2000.0,0.012565675380825226,3.133512302308446,0.036481778180919966,0.13234669274972508,2.808843398711871,1.9949895076608877,4.2366221080878014e-07,4.818125899832892,1
2010.0,0.012572075838177033,3.1350953218074133,0.03650127005169371,0.13236524439454944,2.8147343370011613,1.994989286306095,4.239285840447031e-07,4.772613017367817,1
2020.0,0.012578489591311824,3.136681751628171,0.036520761783013986,0.13238379590620955,2.8205958915130704,1.9949889505347589,4.242173319882227e-07,4.861599895291517,1
2030.0,0.01258491657300492,3.138271574536361,0.03654025337439784,0.13240234728423023,2.8264282079071372,1.9949885046423437,4.245476404008182e-07,4.788257419806834,1
2040.0,0.012591356716382842,3.139864773389706,0.036559744825025685,0.13242089852780525,2.832231430390246,1.9949879562755701,4.248681781502059e-07,4.747332836906351,1
2050.0,0.012597809954891782,3.1414613311263366,0.03657923613433663,0.13243944963638288,2.838005702999596,1.9949873105103826,4.2517655974895247e-07,4.715227386509831,1
2060.0,0.01260427622230771,3.1430612307688044,0.03659872730179252,0.13245800060943366,2.8437511690994444,1.9949865721990403,4.2547271794205333e-07,4.815334621229413,1
2070.0,0.01261075545273471,3.144664455423666,0.03661821832687668,0.1324765514464494,2.8494679713821376,1.9949857459826426,4.25759167348178e-07,4.771267011802589,1
2080.0,0.012617247580603744,3.1462709882802913,0.03663770920923846,0.13249510214708504,2.8551562521655947,1.994984834853521,4.2603025698793686e-07,4.900676348859607,1
2090.0,0.012623752540670361,3.147880812611642,0.03665719994846701,0.1325136527109365,2.8608161529369465,1.9949838424052173,4.2628942329914214e-07,4.814765599549404,1
2100.0,0.012630270268013083,3.1494939117737952,0.036676690544101546,0.13253220313755046,2.866447814376977,1.994982772730502,4.265485843110674e-07,4.7900395221470315,1
2110.0,0.012636800698032117,3.1511102692048203,0.03669618099576286,0.13255075342655384,2.8720513766311204,1.9949816291133298,4.268183759576985e-07,4.749220281379857,1
2120.0,0.012643343766447556,3.152729868424654,0.036715671303097254,0.1325693035775987,2.8776269791991003,1.9949804145862715,4.271125533112097e-07,4.771920984657614,1
2130.0,0.012649899409297723,3.1543526930346837,0.03673516146577602,0.13258785359036165,2.8831747609374054,1.9949791319359926,4.2744820069286624e-07,4.754944013378781,1
2140.0,0.012656467562977976,3.155978726729374,0.036754651483216355,0.13260640346426944,2.888694859405498,1.9949777864793092,4.2771848270898703e-07,4.742969885534714,1
2150.0,0.012663048164165676,3.1576079532739896,0.03677414135508601,0.13262495319899514,2.8941874120587254,1.9949763810429741,4.279240583447525e-07,4.729475346645852,1
2160.0,0.012669641149837424,3.159240356509801,0.03679363108117271,0.13264350279432993,2.8996525559443533,1.994974917262871,4.2811377425219905e-07,4.781574060636832,1
2170.0,0.012676246457296012,3.1608759203621832,0.03681312066118666,0.13266205224998875,2.9050904272400855,1.9949733975481752,4.28294766707343e-07,4.858399481595269,1
2180.0,0.012682864024154557,3.1625146288359662,0.036832610094857915,0.132680601565706,2.9105011614871557,1.9949718241132426,4.284774609637766e-07,4.6858474977433655,1
2190.0,0.012689493788334784,3.1641564660149895,0.03685209938193621,0.13269915074123545,2.9158848935937485,1.9949701989790887,4.2867596524053033e-07,4.837524241316752,1
2200.0,0.01269613568806533,3.1658014160616723,0.036871588522190815,0.13271769977635015,2.9212417578384233,1.9949685239748671,4.289084647099348e-07,4.817028996265602,1
2210.0,0.012702789661880017,3.1674494632165717,0.03689107751541036,0.13273624867084216,2.9265718878735356,1.9949668007393473,4.2919761548548316e-07,4.826757631849949,1
2220.0,0.012709455648616166,3.1691005917979456,0.036910566361402726,0.13275479742452242,2.931875416728661,1.9949650307223927,4.295709386096929e-07,4.756532268844801,1
2230.0,0.012716133587412862,3.170754786201318,0.03693005505999485,0.1327733460372207,2.937152476814017,1.9949632151864412,4.300612140419683e-07,4.830121476968972,1
2240.0,0.012722823417888674,3.172412030949934,0.036949543610220854,0.13279189450798687,2.9424031978767657,1.9949613632845837,4.3029021414441224e-07,4.781018117405269,1
2250.0,0.012729525079707002,3.1740723105715083,0.036969032012280724,0.13281044283701757,2.947627711944337,1.9949594725724187,4.3047453986282674e-07,4.828028228549599,1
2260.0,0.012736238512903853,3.175735609691255,0.036988520266049436,0.13282899102418982,2.952826149568404,1.9949575438418528,4.3066083613432437e-07,4.827995177881813,1
2270.0,0.01274296365782879,3.177401913015183,0.03700800837133618,0.1328475390693159,2.957998640482534,1.9949555785414217,4.30859344180407e-07,4.8555732214965746,1
2280.0,0.01274970045512652,3.179071205324925,0.0370274963279598,0.13286608697221758,2.963145313796156,1.9949535780260088,4.3108307774547445e-07,4.798331448272898,1
2290.0,0.01275644884573526,3.180743471477315,0.037046984135748376,0.13288463473272571,2.9682662979973036,1.9949515435610028,4.31348078811526e-07,4.755280645780332,1
2300.0,0.012763208770885064,3.1824186964039662,0.03706647179453879,0.1329031823506798,2.9733617209553573,1.994949476326457,4.316736733128625e-07,4.792567167756884,1
2310.0,0.012769980172096193,3.1840968651108525,0.03708595930417632,0.13292172982592768,2.9784317099237883,1.9949473774212478,4.3208272685078846e-07,4.818943425204305,1
2320.0,0.012776762991177457,3.185777962677888,0.03710544666451421,0.13294027715832488,2.983476391542903,1.9949452478672336,4.326019004083138e-07,4.809745402209131,1
2330.0,0.012783557170249395,3.187461974265079,0.03712493387537903,0.13295882434770082,2.9884958917186384,1.9949430889538977,4.3321983956418753e-07,4.842631914183576,1
2340.0,0.012790362651924719,3.1891488851603054,0.037144420936319485,0.13297737139361154,2.9934903347165744,1.9949409047388362,4.3357901113666036e-07,4.7780696322056855,1
2350.0,0.01279717937872931,3.190838680626068,0.037163907847401235,0.13299591829612162,2.998459846046077,1.9949386941365825,4.339538907821603e-07,4.833729692621107,1
2360.0,0.012804007293633804,3.1925313460402194,0.03718339460847199,0.1330144650550812,3.0034045498018456,1.9949364582331908,4.3434802277995005e-07,4.784234000009615,1
2370.0,0.012810846339891708,3.194226866853133,0.03720288121938176,0.1330330116703427,3.0083245694662404,1.9949341980938953,4.3476565110711777e-07,4.84797103472784,1
2380.0,0.012817696461037883,3.195925228587313,0.037222367679982334,0.1330515581417603,3.013220027911454,1.9949319147688473,4.352117802769049e-07,4.733660977135405,1
2390.0,0.012824557600887005,3.197626416837005,0.03724185399012661,0.13307010446918935,3.0180910474016804,1.9949296092988504,4.356922361770348e-07,4.851696437731195,1
2400.0,0.01283142970353203,3.1993304172678037,0.03726134014966811,0.13308865065248562,3.0229377495952825,1.9949272827210964,4.3621372690804084e-07,4.776549926126542,1
2410.0,0.012838312713342652,3.201037215616266,0.03728082615846033,0.13310719669150506,3.0277602555469616,1.9949249360749017,4.367839036215944e-07,4.77894623920972,1
2420.0,0.01284520657496378,3.2027467976895196,0.037300312016356224,0.13312574258610294,3.0325586857099283,1.994922570407443,4.374114213588335e-07,4.76854714295751,1
2430.0,0.012852111233374843,3.204459149379805,0.03731979772331852,0.13314428833624256,3.037333160031635,1.994920185676328,4.3805751676125533e-07,4.8323691150675385,1
2440.0,0.012859026633887502,3.2061742566638998,0.03733928327941775,0.13316283394199335,3.042083797954767,1.9949177807692147,4.386366790792079e-07,4.795247181761082,1
2450.0,0.012865952721878767,3.2078921055376113,0.03735876868434796,0.13318137940305427,3.046810718011428,1.994915358319856,4.3922811968772845e-07,4.855687246114871,1
2460.0,0.01287288944309859,3.2096126820912465,0.037378253937989665,0.13319992471930775,3.0515140383006187,1.994912919109717,4.398295370024394e-07,4.882506119707422,1
2470.0,0.012879836743566549,3.2113359724842483,0.03739773904022373,0.1332184698906366,3.0561938763339063,1.9949104639189525,4.4043827402801157e-07,4.842140575624318,1
2480.0,0.012886794569570405,3.213061962944823,0.037417223990930976,0.13323701491692355,3.060850349037735,1.994907993530415,4.4105130322463437e-07,4.737022347986932,1
2490.0,0.012893762867664665,3.214790639769578,0.03743670878999174,0.13325555979805084,3.065483572755747,1.994905508733662,4.416652113744867e-07,4.822359787742734,1
2500.0,0.01290074158466914,3.2165219893231525,0.03745619343728549,0.1332741045338999,3.0700936632510936,1.9949030103289631,4.4227618444820726e-07,4.742201524093508,1
2510.0,0.012907730667667507,3.218255998037854,0.037475677932690445,0.13329264912435093,3.0746807357087547,1.9949004991313077,4.4287999247136497e-07,4.850087448549734,1
2520.0,0.012914730064005871,3.2199926524132874,0.037495162276083134,0.1333111935692824,3.0792449047378527,1.9948979759744123,4.4347197439092974e-07,4.785073020576251,1
2530.0,0.012921739721357855,3.2217319390314683,0.0375146464676006,0.13332973786882912,3.0837862847644972,1.9948954391028912,4.440702473743381e-07,4.762272985999724,1
2540.0,0.012928759587622136,3.2234738445329536,0.03753413050724128,0.1333482820229895,3.088304989441106,1.9948928881421863,4.446804267291921e-07,4.794275079994866,1
2550.0,0.012935789610888851,3.225218355608997,0.037553614394737644,0.1333668260315004,3.092801131459957,1.994890325365005,4.4528438522878265e-07,4.7770038760327065,1
2560.0,0.012942829739552021,3.2269654590276677,0.03757309813000521,0.13338536989427868,3.097274823223863,1.9948877512253933,4.458799846146463e-07,4.799990939493306,1
2570.0,0.01294987992226222,3.228715141622811,0.037592581712961044,0.1334039136112427,3.1017261765791564,1.9948851661640044,4.4646504366344583e-07,4.869799528162717,1
2580.0,0.012956940107925205,3.230467390293693,0.03761206514352362,0.13342245718231227,3.106155302818358,1.9948825706097464,4.470373440289944e-07,4.787597210121539,1
2590.0,0.012964010245700531,3.2322221920046523,0.0376315484216126,0.1334410006074083,3.1105623126828474,1.9948799649814315,4.475946360842789e-07,4.808050136860537,1
2600.0,0.012971090285000174,3.2339795337847437,0.0376510315471487,0.13345954388645279,3.114947316365528,1.9948773496894237,4.4813464476348367e-07,4.806237680495519,1
2610.0,0.012978180175487153,3.235739402727386,0.03767051452005353,0.13347808701936864,3.119310423513497,1.994874725137288,4.486550754040141e-07,4.843566098332683,1
2620.0,0.012985279867074147,3.2375017859900126,0.0376899973402494,0.13349663000607934,3.123651743230716,1.9948720917234382,4.491536195885203e-07,4.780283381679132,1
2630.0,0.01299238931000367,3.239266670813792,0.037709480007797475,0.13351517284664505,3.127971384184856,1.9948694484677942,4.4965474713490823e-07,4.800892835217992,1
2640.0,0.012999508454669781,3.241034044479721,0.03772896252259758,0.1335337155409672,3.1322694543839713,1.994866795996184,4.501516050550049e-07,4.843717235715204,1
2650.0,0.013006637251714,3.2428038943322335,0.03774844488455305,0.13355225808895071,3.136546061303459,1.994864134901577,4.506379802406213e-07,4.735828125056006,1
2660.0,0.013013775652044677,3.2445762077839437,0.03776792709360573,0.13357080049053832,3.1408013119152276,1.9948614653959351,4.511151196816109e-07,4.711461841482113,1
2670.0,0.013020923606814054,3.246350972309996,0.03778740914969926,0.13358934274567458,3.145035312662832,1.9948587876753225,4.515846557711432e-07,4.835253639751322,1
2680.0,0.013028081067416934,3.248128175447718,0.037806891052779,0.13360788485430566,3.149248169464202,1.9948561019207018,4.5204862871876487e-07,4.803276318376974,1
2690.0,0.013035247985489355,3.249907804796283,0.037826372802791906,0.13362642681637943,3.1534399877143766,1.9948534082987326,4.525095089634605e-07,4.813191281382545,1
2700.0,0.013042424312907261,3.2516898480163725,0.03784585439968651,0.1336449686318452,3.1576108722882386,1.9948507069625685,4.529702195867138e-07,4.78806108903979,1
2710.0,0.01304961000178517,3.25347429282983,0.037865335843412805,0.1336635103006537,3.161760927543245,1.9948479980526566,4.534341587255682e-07,4.791501830634919,1
2720.0,0.013056805004474854,3.255261127019325,0.03788481713392216,0.13368205182275716,3.165890257322161,1.9948452816975337,4.539052219856879e-07,4.8506289612086775,1
2730.0,0.013064009273691878,3.257050338461059,0.037904298271124744,0.13370059319806715,3.1699989645901345,1.9948425584384764,4.543452593979777e-07,4.805858623549915,1
2740.0,0.013071222762190348,3.258841915040716,0.03792377925499712,0.1337191344265606,3.1740871523636742,1.9948398281566455,4.547819198502092e-07,4.756829174435213,1
2750.0,0.013078445423034034,3.260635844723525,0.037943260085491586,0.13373767550819055,3.1781549229343233,1.9948370909769273,4.552179851340298e-07,4.7510911231643025,1
2760.0,0.01308567720952333,3.2624321155353933,0.03796274076255995,0.13375621644290958,3.182202378076458,1.9948343470310301,4.556552633706726e-07,4.884185029691001,1
2770.0,0.013092918075190564,3.2642307155616948,0.03798222128615455,0.13377475723067075,3.186229619059623,1.9948315964471504,4.5609572961436224e-07,4.774484538908325,1
2780.0,0.013100167973798723,3.2660316329469468,0.03800170165622816,0.13379329787142763,3.1902367466511006,1.9948288393509634,4.565415286285908e-07,4.77267254939768,1
2790.0,0.013107426859340193,3.2678348558944816,0.03802118187273391,0.13381183836513402,3.194223861118469,1.994826075866619,4.569949776623931e-07,4.842614603269885,1
2800.0,0.013114694686035478,3.2696403726661263,0.038040661935625115,0.13383037871174402,3.1981910622321728,1.9948233061177332,4.574585692266224e-07,4.740643987356648,1
2810.0,0.013121971408331943,3.2714481715818753,0.038060141844855275,0.1338489189112119,3.202138449268081,1.994820530228382,4.5793497387022557e-07,4.8246797943122255,1
2820.0,0.013129256980924608,3.273258241025213,0.038079621600379726,0.13386745896349359,3.2060661209656254,1.9948177483060852,4.5842099486430485e-07,4.7551479300771105,1
2830.0,0.01313655135881974,3.2750705694593907,0.038099101202160916,0.1338859988685522,3.20997417539985,1.9948149603898957,4.5888980542483603e-07,4.788864769375655,1
2840.0,0.013143854497069656,3.2768851453595547,0.03811858065014651,0.1339045386263362,3.2138627105151136,1.994812166666691,4.5936325115187374e-07,4.787002559124561,1
2850.0,0.013151166351029253,3.278701957278399,0.038138059944290564,0.13392307823680039,3.217731823608845,1.9948093672618663,4.5984123153897954e-07,4.828094234592215,1
2860.0,0.013158486876275306,3.2805209938255118,0.038157539084546874,0.13394161769989926,3.221581611493946,1.9948065623051192,4.6032345998407894e-07,4.829773019722672,1
2870.0,0.013165816028605275,3.282342243667068,0.0381770180708689,0.13396015701558703,3.2254121705012264,1.9948037519313893,4.608094491887547e-07,4.832740217121034,1
2880.0,0.013173153764036086,3.284165695525522,0.03819649690320965,0.13397869618381741,3.22922359648184,1.9948009362818007,4.6129849655754094e-07,4.77561672360866,1
2890.0,0.013180500038802934,3.285991338179296,0.03821597558152157,0.13399723520454368,3.2330159848097226,1.9947981155046046,4.617896695972163e-07,4.823036987822698,1
2900.0,0.013187854809358072,3.287819160462473,0.0382354541057565,0.13401577407771834,3.236789430384027,1.9947952897561196,4.622817913160977e-07,4.821463771945144,1
2910.0,0.013195218032369605,3.289649151264488,0.03825493247586552,0.1340343128032933,3.2405440276315614,1.9947924592016733,4.627734256233341e-07,4.776203018842108,1
2920.0,0.013202589664766484,3.2914812995414104,0.03827441069184106,0.13405285138126108,3.2442798704944935,1.994789623597281,4.63268957586528e-07,4.886892227341211,1
2930.0,0.013209969663704977,3.293315594307527,0.038293888753687305,0.13407138981162578,3.247997052443094,1.9947867825838776,4.6377431526185135e-07,4.74834767666282,1
2940.0,0.013217357986447725,3.2951520246049872,0.03831336666131077,0.13408992809429537,3.25169566651635,1.9947839367749554,4.6428115770255177e-07,4.819130315496693,1
2950.0,0.013224754590526244,3.2969905795445733,0.03833284441466965,0.13410846622922876,3.2553758052722066,1.9947810862718265,4.647884577862778e-07,4.79390483267599,1
2960.0,0.013232159433683149,3.2988312482911946,0.03835232201372211,0.13412700421638474,3.259037560808036,1.9947782311778817,4.65295025479552e-07,4.823734711753752,1
2970.0,0.01323957247387101,3.300674020063597,0.038371799458426226,0.13414554205572204,3.262681024763058,1.9947753715990029,4.657995009387269e-07,4.789683519057497,1
2980.0,0.013246993669251207,3.302518884134068,0.03839127674873995,0.13416407974719927,3.266306288320756,1.9947725076439737,4.66300347610941e-07,4.803946168044875,1
2990.0,0.013254422978192777,3.304365829828143,0.038410753884621056,0.1341826172907749,3.2699134422112954,1.9947696394248935,4.6679584533507426e-07,4.753269824876873,1
3000.0,0.013261860359271264,3.30621484652431,0.038430230866027114,0.13420115468640714,3.2735025767139416,1.9947667670575864,4.672840834427042e-07,4.785480485279864,1
3010.0,0.01326930577126758,3.3080659236537158,0.03844970769291545,0.13421969193405398,3.2770737816594786,1.9947638906620155,4.677629538590614e-07,4.882594513398087,1
3020.0,0.013276759173293563,3.309919050731837,0.03846918436533029,0.1342382290337589,3.2806271463341323,1.9947610094960238,4.682573624174499e-07,4.830989042128422,1
3030.0,0.01328422052455232,3.3117742172980207,0.038488660883238594,0.13425676598548938,3.2841627596673817,1.9947581235870597,4.6876798969033693e-07,4.75504534781718,1
3040.0,0.013291689784377966,3.3136314129255,0.03850813724655811,0.1342753027891645,3.2876807102025984,1.9947552334529655,4.6928006587432753e-07,4.862083757798222,1
3050.0,0.013299166912373123,3.31549062725608,0.0385276134552528,0.13429383944474874,3.2911810859916906,1.9947523391540647,4.697931464390117e-07,4.857352331860356,1
3060.0,0.013306651868340543,3.3173518499828822,0.038547089509286515,0.13431237595220658,3.294663974649778,1.994749440753394,4.703066643763367e-07,4.7079296130360975,1
3070.0,0.013314144612281947,3.3192150708500456,0.03856656540862293,0.13433091231150218,3.2981294633576272,1.994746538317251,4.7081991905215595e-07,4.787324996001524,1
3080.0,0.013321645104396849,3.3210802796524286,0.03858604115322548,0.1343494485225996,3.3015776388640807,1.9947436319157388,4.713320650577782e-07,4.824160812023727,1
3090.0,0.013329153305081389,3.3229474662353096,0.03860551674305735,0.13436798458546262,3.3050085874884956,1.9947407216233164,4.718421010615162e-07,4.796557450374773,1
3100.0,0.013336669174927174,3.3248166204940865,0.03862499217808136,0.1343865205000546,3.3084223951231717,1.9947378075193434,4.7234885866023593e-07,4.8050227729916175,1
3110.0,0.0133441926747201,3.32668773237398,0.03864446745825994,0.13440505626633853,3.3118191472357887,1.9947348896886286,4.7285099123090525e-07,4.80425411002452,1
3120.0,0.013351723765439187,3.3285607918697324,0.03866394258355507,0.13442359188427708,3.3151989288718378,1.9947319682219762,4.7334696278214316e-07,4.771561516583961,1
3130.0,0.013359262408255416,3.33043578902531,0.038683417553928234,0.13444212735383224,3.3185618246570554,1.9947290432167333,4.738350368057686e-07,4.744650075266207,1
3140.0,0.013366808564530553,3.332312713933602,0.03870289236934035,0.1344606626749656,3.3219079187998557,1.994726114777337,4.7431326512834937e-07,4.793175076204345,1
3150.0,0.01337436219581599,3.3341915567361244,0.03872236702975171,0.13447919784763804,3.325237295093766,1.9947231830158616,4.747794767627513e-07,4.79772663360158,1
3160.0,0.013381923263851568,3.336072307622718,0.03874184153512194,0.13449773287180983,3.3285500369198564,1.994720248052566,4.7523126675968684e-07,4.7808973467991995,1
3170.0,0.013389491731240122,3.337954957003154,0.03876131588563482,0.1345162677476617,3.331846226233954,1.994717307784605,4.757297191061583e-07,4.781851545384216,1
3180.0,0.013397067559681817,3.3398394950579373,0.038780790081110975,0.13453480247501723,3.3351259462201677,1.9947143637146576,4.7623296430571375e-07,4.776691633591077,1
3190.0,0.01340465071145647,3.3417259121154164,0.03880026412150155,0.1345533370538283,3.338389279064418,1.9947114160515242,4.7673609505699715e-07,4.802169502023591,1
3200.0,0.01341224114907841,3.3436141985639747,0.0388197380067737,0.13457187148406258,3.3416363064736885,1.9947084648468263,4.772387102485463e-07,4.828109176820101,1
3210.0,0.013419838835246736,3.3455043448393753,0.0388392117368943,0.13459040576568748,3.34486710975143,1.9947055101559763,4.777403226339118e-07,4.8368475091324985,1
3220.0,0.01342744373284421,3.3473963414244747,0.03885868531182999,0.13460893989867012,3.3480817697999203,1.9947025520385555,4.78240352550752e-07,4.760514301088906,1
3230.0,0.013435055804936128,3.349290178848938,0.03887815873154708,0.13462747388297736,3.351280367122617,1.9946995905586893,4.7873812163993e-07,4.851737795889502,1
3240.0,0.013442675014769215,3.351185847688951,0.03889763199601154,0.1346460077185757,3.3544629818265133,1.9946966257854246,4.79232846564608e-07,4.772820050293459,1
3250.0,0.013450301325770502,3.3530833385669343,0.03891710510518893,0.13466454140543124,3.357629693624496,1.9946936577931065,4.79723632729344e-07,4.875486915092056,1
3260.0,0.013457934701546211,3.3549826421512594,0.0389365780590444,0.13468307494350965,3.360780581837698,1.994690686661755,4.802094679991872e-07,4.780399192753527,1
3270.0,0.013465575105880642,3.3568837491559615,0.038956050857542626,0.13470160833277617,3.363915725397859,1.9946877124774414,4.806892164187738e-07,4.858508345383185,1
3280.0,0.013473222502735053,3.358786650340452,0.03897552350064778,0.1347201415731955,3.3670352028496757,1.994684735332665,4.811616119314224e-07,4.814008654907888,1
3290.0,0.013480876856246543,3.360691336509237,0.03899499598832347,0.1347386746647319,3.370139092353161,1.9946817553267306,4.816252520982305e-07,4.732916733311989,1
3300.0,0.013488538130726944,3.3625977985116244,0.03901446832053276,0.13475720760734894,3.373227471686,1.9946787725661237,4.820785918171695e-07,4.78107812103276,1
3310.0,0.013496206290908058,3.3645060273042846,0.03903394049729285,0.13477574040106355,3.376300417820294,1.9946757866216278,4.825309070364291e-07,4.779349450131332,1
3320.0,0.01350388130219336,3.366416014015449,0.039053412518731366,0.13479427304600117,3.379358006488157,1.9946727959712018,4.830135460049505e-07,4.853555457282465,1
3330.0,0.013511563128762408,3.3683277494613937,0.03907288438466482,0.13481280554198136,3.3824003154569198,1.9946698021779299,4.834955656994352e-07,4.800143344616034,1
3340.0,0.013519251735661809,3.370241224679789,0.039092356095063986,0.1348313378889753,3.3854274209172543,1.9946668052770737,4.839768819090407e-07,4.795048143232954,1
3350.0,0.013526947088110752,3.3721564307525567,0.03911182764989963,0.13484987008695426,3.3884393986833543,1.9946638053053936,4.84457389132085e-07,4.811983749297724,1
3360.0,0.013534649151499989,3.3740733588056098,0.03913129904914249,0.13486840213588938,3.39143632419511,1.9946608023012926,4.849369589935033e-07,4.822254859500516,1
3370.0,0.013542357891390825,3.375992000008594,0.03915077029276326,0.1348869340357518,3.3944182725202814,1.9946577963049619,4.854154386623006e-07,4.841373172261314,1
3380.0,0.013550073273514115,3.3779123455746296,0.039170241380732565,0.13490546578651266,3.3973853183566725,1.9946547873585228,4.858926492690082e-07,4.869508792882063,1
3390.0,0.013557795263769245,3.379834386760051,0.03918971231302097,0.1349239973881429,3.4003375360343027,1.9946517755061721,4.863683843231372e-07,4.830114783382992,1
3400.0,0.013565523828223127,3.3817581148641485,0.039209183089598934,0.1349425288406135,3.4032749995175835,1.9946487607943257,4.868424081306338e-07,4.770924063261276,1
3410.0,0.013573258933109183,3.3836835212289094,0.03922865371043682,0.13496106014389525,3.4061977824074887,1.9946457432717626,4.873144542113337e-07,4.87199966341439,1
3420.0,0.013581000544826338,3.3856105972387582,0.03924812417550487,0.13497959129795886,3.4091059579437304,1.9946427229897685,4.877842237164171e-07,4.800407011050877,1
3430.0,0.01358874862993801,3.3875393343202975,0.039267594484773176,0.13499812230277486,3.4119995990069314,1.994639700002281,4.882513838458633e-07,4.831930973808176,1
3440.0,0.013596503155171096,3.38946972394205,0.039287064638211695,0.1350166531583137,3.4148787781207983,1.994636674366032,4.887155662659052e-07,4.812034257529548,1
3450.0,0.013604264087414962,3.3914017576141986,0.03930653463579021,0.13503518386454563,3.417743567454296,1.9946336461406933,4.891763655264843e-07,4.83235543273447,1
3460.0,0.013612031394276311,3.3933354270304337,0.039326004477549165,0.1350537144215104,3.4205940377557944,1.9946306146885535,4.896416328992857e-07,4.835121738106028,1
3470.0,0.013619805043098447,3.3952707238172333,0.039345474163474795,0.13507224482919444,3.423430260237629,1.9946275799092277,4.901128541859957e-07,4.791711942919995,1
3480.0,0.013627585000894053,3.3972076395166786,0.03936494369349066,0.13509077508752254,3.4262523067054738,1.9946245423232245,4.905841601810588e-07,4.784025284788647,1
3490.0,0.013635371235236738,3.399146165814373,0.039384413067571386,0.13510930519646971,3.429060247845618,1.994621501947375,4.910556447765337e-07,4.829424518161286,1
3500.0,0.01364316371386076,3.401086294437107,0.03940388228569177,0.13512783515601112,3.4318541539942764,1.9946184587981024,4.91527404994687e-07,4.804062934344151,1
3510.0,0.013650962404660103,3.403028017152631,0.039423351347826784,0.13514636496612215,3.434634095139567,1.9946154128914397,4.919995409140378e-07,4.848354143124306,1
3520.0,0.013658767275687584,3.404971325769417,0.03944282025395154,0.13516489462677828,3.437400140923492,1.9946123642430456,4.924721555954049e-07,4.834058640636225,1
3530.0,0.01366657829515393,3.4069162121364287,0.03946228900404133,0.13518342413795517,3.440152360643917,1.9946093128682207,4.929453550079515e-07,4.8572148345191275,1
3540.0,0.01367439543142687,3.4088626681428855,0.0394817575980716,0.13520195349962866,3.4428908232565476,1.9946062587819253,4.93419247955231e-07,4.8203627987965225,1
3550.0,0.013682218653030239,3.410810685718033,0.03950122603601795,0.1352204827117747,3.4456155973769134,1.9946032019987956,4.938939460012329e-07,4.835110703878614,1
3560.0,0.013690047928643048,3.4127602568309046,0.03952069431785614,0.13523901177436945,3.448326751282343,1.9946001425331594,4.943695633964286e-07,4.832259312714321,1
3570.0,0.01369788322709859,3.414711373490094,0.03954016244356207,0.13525754068738913,3.4510243529139446,1.994597080399054,4.948462170038168e-07,4.870840030996353,1
3580.0,0.013705724517383519,3.416664027743517,0.0395596304131118,0.13527606945081022,3.4537084698785874,1.9945940156102424,4.953240262249695e-07,4.826880368493122,1
3590.0,0.013713571768636955,3.418618211678182,0.03957909822648152,0.13529459806460922,3.4563791694508765,1.9945909481802293,4.958031129260773e-07,4.766277172354941,1
3600.0,0.01372142495014956,3.4205739174199543,0.03959856588364759,0.1353131265287629,3.4590365185751373,1.9945878781222788,4.962836013639955e-07,4.822486771929233,1
